totalreqs = 1237
totaltest = 1467
//------------------------------------//
// Test Case Versus Requirements Maps //
//------------------------------------//
t1=43, 782
t2=518, 158
t3=432, 140, 1063
t4=1237, 423, 1195
t5=423, 789
t6=130, 710, 863
t7=369
t8=1113, 889
t9=783
t10=448, 1124
t11=476, 443, 783, 295, 133, 519, 879, 513
t12=376, 551, 106
t13=121, 1155
t14=1136, 352, 247, 230, 900, 851, 789, 720, 707
t15=1191, 1099, 190, 1153, 465, 1082
t16=586, 965
t17=832, 481
t18=291, 902, 798, 850, 157, 349
t19=730, 384, 1006
t20=335, 1069
t21=1199, 985, 583, 725
t22=554, 362, 1014
t23=855, 352, 832
t24=1069, 893, 559, 956, 653
t25=130, 577
t26=58
t27=654, 474
t28=1104
t29=146, 926, 229
t30=554, 247
t31=962, 782, 67, 306
t32=103
t33=1116, 1037, 859
t34=215, 168, 295, 816, 876, 114, 368, 134
t35=595, 863
t36=214, 4, 889, 460, 472
t37=386, 292, 504, 1075
t38=137
t39=536, 368, 896, 1010, 932
t40=93, 934, 671, 647
t41=508, 689, 1032, 553, 174
t42=1200
t43=109, 548, 468, 1211
t44=312, 793, 706, 886, 942, 1041, 675, 199
t45=372
t46=837, 954
t47=777
t48=148, 1112, 1130
t49=180
t50=343, 1228, 435
t51=187, 788, 759, 505, 766
t52=530, 862
t53=542, 177, 515, 1162, 1227, 830, 1053, 1107, 1225, 956
t54=1227, 611, 654, 863
t55=846
t56=1012, 523, 478
t57=561, 1078, 248, 179
t58=507
t59=632, 923, 1227, 484, 988, 1156
t60=1200
t61=1106, 289, 388, 610, 280
t62=244, 663
t63=935, 300
t64=762, 497, 729, 354, 771, 614, 460
t65=939
t66=429, 1202, 1124, 961
t67=998, 799, 903, 314, 280
t68=163, 1050, 269, 697
t69=63, 1076, 227, 439
t70=493, 602, 242, 744
t71=304
t72=384, 421, 997, 415
t73=572, 597, 1059, 130, 464, 899
t74=715, 452, 1214, 1149
t75=1044
t76=1053, 409, 896
t77=333, 1143, 705, 869, 302, 315, 1227, 759, 787
t78=437, 214, 1226
t79=425, 657, 779, 1210, 916, 1022, 789, 1223, 451, 165, 850, 1090, 530, 189, 669, 443, 1133, 848, 156
t80=1161, 924, 1094, 555
t81=135, 302, 556, 501
t82=707, 1104, 196
t83=916
t84=514, 333, 609, 698
t85=1095, 334
t86=110, 875, 960
t87=172, 641, 219, 1219, 70
t88=692
t89=893, 556, 644
t90=674
t91=889
t92=951, 496, 1076
t93=171, 556, 888, 713
t94=233, 1102
t95=674, 1100, 909
t96=1054, 1175, 679, 258
t97=1032, 210
t98=536, 745, 495, 218, 846, 255, 415, 385, 368, 747, 93, 424, 1021, 938, 498
t99=969, 1178, 1030, 854, 626, 503, 1076, 1159, 1117, 250, 20
t100=1104, 1177
t101=1153, 224, 305, 999
t102=1130
t103=454, 1234, 424, 705
t104=748, 321, 353
t105=73, 554, 572, 208, 161, 1134
t106=989
t107=818, 300, 336, 801
t108=682
t109=465, 834
t110=1226
t111=1122, 607, 1228
t112=642
t113=897, 174
t114=677, 597, 850, 837
t115=13, 716, 432, 708
t116=244, 435, 1113, 673, 1151, 1100, 612
t117=728, 67, 324, 184, 168, 930
t118=533
t119=24, 247
t120=786, 1161, 863, 768, 938
t121=105, 284, 497, 701, 451, 644
t122=395, 966, 660, 141, 437, 1085, 72, 1051, 535, 945, 911, 850, 1230, 68, 1034, 219, 430, 947, 1227
t123=191
t124=531
t125=139, 1083, 550
t126=1064, 78, 765
t127=289, 806, 1237
t128=1014, 153, 848, 109
t129=823, 304, 611
t130=1194
t131=1145, 133
t132=556, 1016, 412
t133=636, 944, 280
t134=388, 310, 651
t135=432, 56, 878, 425, 691, 487, 752, 926, 754, 1142, 233, 433
t136=966
t137=1181, 595
t138=1215, 1141, 1184, 961, 1219, 1107, 1076, 373
t139=183, 634, 889, 563
t140=415, 812
t141=72, 183, 557
t142=397, 726
t143=861
t144=542, 715, 489
t145=752, 892
t146=136, 589, 392
t147=716, 203, 454, 1053, 740, 668, 1042, 25
t148=689, 286
t149=903
t150=372, 1110
t151=524, 500
t152=133, 947
t153=855, 841
t154=229, 147
t155=67, 734, 136, 686, 849, 567
t156=437, 233, 832
t157=869, 193, 1175
t158=1100, 152, 716, 407
t159=979
t160=847, 982, 352, 324
t161=486, 850
t162=521, 1075, 116, 638, 81, 1086, 110, 319
t163=871, 218
t164=330, 695
t165=905, 675, 102, 671, 835, 288
t166=1017, 1035, 1143, 536, 923, 55, 213, 292, 1135, 452, 783, 1136, 588, 447, 1063, 1006, 1023, 79
t167=350, 1060, 663
t168=1045, 974
t169=272, 517, 222, 1118
t170=1137
t171=984, 1054
t172=271, 313, 444, 97, 130, 355, 746, 731, 133
t173=411, 188, 595, 39, 1207, 1049, 1200, 223, 1018, 503, 778, 239
t174=160, 938, 966, 316
t175=199, 1019
t176=555, 199, 1029
t177=318, 893
t178=787, 1214
t179=323, 560, 918
t180=199, 1214
t181=534, 1120
t182=226
t183=1086, 389, 125
t184=768
t185=725
t186=155, 969, 971
t187=1010, 868, 724
t188=920, 1086, 247, 427, 871, 251
t189=231, 775, 774
t190=458, 679, 395, 838, 1154
t191=436, 1010, 434
t192=1231
t193=143, 1113, 494, 894
t194=345, 321, 862, 870, 789, 732, 1199, 501, 955
t195=1137, 1203, 837, 1106, 183
t196=522, 859, 76
t197=1158, 422, 442, 950
t198=83, 548, 309, 629
t199=842, 220
t200=204, 1174
t201=316, 69, 352, 515, 394, 1010, 1206
t202=476
t203=399
t204=888, 944
t205=583, 1039, 1007
t206=625, 893, 676
t207=768
t208=801, 720
t209=905, 296
t210=1028
t211=878, 597, 339, 1157, 395
t212=1232, 1081, 690, 1059
t213=1077, 901, 398
t214=607, 318, 1033, 1023, 683, 1167, 1077, 886, 1234
t215=651, 658, 975, 630, 352
t216=1192, 790, 279, 1095, 1001
t217=692, 910
t218=391, 1033, 222, 692, 689
t219=716, 766
t220=1220, 1040, 249, 794, 533, 957
t221=678, 1161
t222=193, 540, 608, 378
t223=553, 679, 320, 951, 501, 771, 909
t224=738, 1176, 831
t225=899, 702, 831
t226=1209, 911, 629
t227=1009, 654, 332
t228=395, 462, 130, 663, 371
t229=1067, 754, 1016, 987, 500, 1144, 827, 98
t230=868, 1024, 1091
t231=354, 306, 640
t232=726, 501, 178, 1094, 1066, 210, 1215
t233=383, 809, 298, 748
t234=354, 1091, 597
t235=358, 179, 691
t236=286, 778
t237=863, 465
t238=192, 333, 276, 1115, 930, 344
t239=1086
t240=313, 1165, 416
t241=1095, 373, 922, 151, 1234, 347, 421
t242=909
t243=935, 1158
t244=254, 334, 833, 827
t245=768, 1071, 1093, 183, 1169
t246=959, 642, 1104
t247=530, 320, 1109
t248=552, 724
t249=136, 598
t250=1078, 405, 935
t251=1216, 656, 932, 1148, 966
t252=567, 729, 809
t253=1078, 1128, 89, 294, 208, 220, 898, 1032
t254=178
t255=728
t256=703
t257=785, 1032, 409
t258=1037, 736, 709
t259=1050, 303, 645
t260=540, 825
t261=721, 840
t262=88, 75, 116, 1001, 478, 755, 1036, 1173
t263=874
t264=502, 747, 920
t265=321, 173, 1163
t266=1125
t267=870
t268=951, 475
t269=734, 914
t270=682, 1098, 1227, 674, 1181, 989, 501
t271=198, 295, 1152, 1221, 754, 317
t272=482, 781, 864, 844, 628, 237
t273=1101, 852
t274=437, 722
t275=603, 338, 160, 415
t276=96, 653, 1102, 557, 352, 532, 1224, 308, 608, 344, 190, 144, 504, 480, 466
t277=97, 1157, 469, 561, 771, 1120, 623, 1027, 259, 473, 422, 515, 746, 789, 456, 982, 146
t278=808, 130, 481, 1006, 784
t279=649, 1149, 831
t280=726, 1013, 1165
t281=1231, 1042
t282=358, 99, 1226, 625
t283=1195, 131, 883, 750
t284=1190, 1081
t285=474, 756, 822, 198
t286=900, 131, 812, 1217, 290, 210, 377, 558, 819
t287=731, 322, 1093, 950
t288=196, 73
t289=966, 1139
t290=537, 879, 767
t291=710, 1104
t292=720, 677, 11, 530
t293=235, 972
t294=792
t295=259, 994
t296=1006, 116
t297=841, 544, 796
t298=1209, 903, 1221, 105
t299=514, 539, 699, 467, 652
t300=69, 120
t301=6
t302=203, 235
t303=568, 993, 195
t304=468, 905, 95, 641, 911, 1151
t305=1199
t306=330
t307=288, 1109
t308=1144
t309=765, 885, 83, 350, 764, 568, 377, 253, 678
t310=919, 44, 186, 141
t311=1168, 353, 1158, 425
t312=762, 712, 396, 1066
t313=400, 278, 630
t314=632, 781, 804
t315=856, 688
t316=933
t317=330, 232, 1199
t318=743, 966, 621
t319=415, 1148, 509
t320=416, 79
t321=1043
t322=887, 1176, 772, 1232, 624
t323=1184, 102
t324=898, 204
t325=932
t326=873, 1074, 66
t327=390
t328=783, 1016, 2
t329=1209
t330=948, 1105, 91, 1205
t331=672
t332=1163, 623, 433, 169, 862
t333=107, 805, 332, 417, 1227, 880, 540
t334=990, 572, 304
t335=838, 879
t336=479, 867
t337=1142, 182, 1129, 820, 736, 355, 668, 451, 625
t338=761, 201, 1223
t339=886
t340=332, 750, 344, 232, 1170, 120, 1227, 527
t341=365
t342=1097, 412
t343=388, 348, 849
t344=528, 582
t345=605, 486, 238, 1148, 930, 594, 1147, 405, 394, 635, 977
t346=519, 301, 1012, 788, 205
t347=679, 812, 363, 869
t348=466, 1168, 243, 641, 1225
t349=1073, 736, 1047
t350=225, 412
t351=333, 712
t352=1110, 952, 46
t353=678, 621, 125, 410
t354=702, 595, 909
t355=449, 1088
t356=859
t357=349, 402, 677
t358=1050, 1023, 133, 863
t359=615, 1030
t360=464
t361=1104, 1148, 903
t362=484, 325, 275, 508, 522, 415, 1104, 773, 343, 1158, 981
t363=170
t364=1162, 118, 926, 30, 1078, 1110, 620, 1119, 321, 1183
t365=863, 629, 380
t366=1200, 918, 318, 1078, 954
t367=384, 854, 737, 1116, 581
t368=1135
t369=1044, 970, 776
t370=503, 79, 324, 1149, 377
t371=855, 162, 279
t372=962, 292, 608, 180, 943, 510, 528, 973
t373=710, 805, 518, 313, 264
t374=206, 87
t375=196, 665
t376=1124, 1011
t377=1103, 926, 90, 531
t378=744, 244, 100, 428, 325, 547, 293, 1088
t379=621, 842, 1095, 264, 918, 786, 277, 184, 769
t380=921, 138
t381=1087, 965, 1201, 831, 542
t382=413
t383=554, 587
t384=170, 1036, 1140
t385=676, 893, 606, 1079, 365
t386=597, 1044, 63, 1153, 758
t387=382, 841, 1226, 899, 352, 267, 377
t388=230, 277
t389=891, 942
t390=1126, 1160
t391=70
t392=1212
t393=379, 1141
t394=636, 569, 53
t395=278, 1008, 359, 1091
t396=852, 768, 477, 387
t397=926
t398=422, 437
t399=705
t400=983, 464, 304, 679, 961, 84, 355
t401=1103, 1162
t402=195
t403=517
t404=198, 486
t405=412, 328, 1123, 1020
t406=205, 571, 207, 471, 966
t407=1136, 457, 1104, 1061
t408=334, 496, 410, 283
t409=751
t410=233, 510
t411=219, 524, 561, 706, 748
t412=542, 399, 514
t413=415, 531
t414=519, 330, 581, 444, 633, 79, 60, 1104, 493, 1013, 815, 221, 1158
t415=241, 675, 1236, 780, 514
t416=905, 338
t417=806, 1203, 970, 804
t418=1097, 1094, 147
t419=1190
t420=524, 265, 583, 1119, 1105, 889, 826, 399, 140
t421=143
t422=1215, 894
t423=65, 66, 1177, 80, 892, 1056
t424=786, 537
t425=232, 1037, 1073, 1139, 599, 964, 657, 830, 500
t426=134, 454
t427=412, 766
t428=635, 747, 144
t429=835
t430=1200
t431=329, 917, 1082
t432=414, 470
t433=513, 108, 688, 758
t434=1023, 679, 518, 929, 1179, 433, 863, 365
t435=1015
t436=400, 884
t437=412, 987, 72, 365, 1087, 1229, 1177
t438=742, 335
t439=1002, 640
t440=125, 616, 1012, 453, 331, 333
t441=151, 189
t442=1161, 872, 439, 113
t443=889, 448, 808
t444=131, 700, 116, 363
t445=159, 553, 525, 717, 547, 139
t446=578, 187
t447=732
t448=844, 1189, 1112
t449=361, 653
t450=112, 814, 1113, 775, 1016
t451=869, 323
t452=64
t453=708
t454=610, 375, 739, 858, 1040, 699, 947, 753
t455=1189, 173
t456=672, 781
t457=686, 965
t458=1104
t459=138, 429, 862, 1013, 1168, 1224, 1223
t460=130, 1118, 1200
t461=419, 801, 1053
t462=42, 464, 1064
t463=839
t464=1044, 149
t465=843, 1016, 1183, 411
t466=975, 138, 1099, 548
t467=966, 1009, 268
t468=160, 371, 152, 10
t469=891, 789, 1010
t470=979, 976, 415
t471=340, 1201, 1019, 359, 1011
t472=672
t473=51
t474=226
t475=948, 922
t476=539, 368, 48, 1104, 631, 837
t477=306, 1211
t478=193, 330
t479=738, 334
t480=1023, 1208, 321
t481=119
t482=1011, 503, 930, 1026, 78, 705
t483=195, 822, 1044, 298, 333
t484=68, 966, 1160, 178
t485=1114, 372, 938, 332, 118, 193, 1143
t486=582, 1227, 436, 233
t487=450, 606, 263, 1131, 942, 692
t488=576, 300
t489=397, 788, 1047
t490=412
t491=1142, 736, 994, 593
t492=1010
t493=796, 1082, 1120, 938
t494=270, 1092, 298
t495=963, 342
t496=448, 95
t497=281, 501
t498=1089, 1142
t499=960, 383, 869
t500=829
t501=1220
t502=449
t503=786, 245
t504=289, 153, 442
t505=1158, 733, 218, 979, 726
t506=78, 1192
t507=1046, 888, 417, 720
t508=1026, 753, 661, 865, 876, 86
t509=1003, 261, 755
t510=857, 503, 988, 580
t511=1181, 428, 813
t512=185, 474
t513=1185, 157, 886
t514=688, 432
t515=1196, 167, 897, 742
t516=686, 810
t517=993, 1093, 305, 125, 506, 820, 245
t518=726, 204, 634, 878, 753
t519=164, 697, 659, 287, 370, 823, 466, 878
t520=128, 1197, 334
t521=415, 720
t522=503, 131, 771
t523=560, 125, 71
t524=241, 913, 1008
t525=905, 723, 958, 953, 759
t526=1148, 84, 491, 112, 720, 293, 406, 473, 168
t527=736, 819
t528=911
t529=728
t530=268
t531=508, 868, 679, 1018, 573
t532=546
t533=446, 679, 156, 198
t534=1076, 1132
t535=1188, 722
t536=248, 738
t537=864, 1217, 888
t538=1006, 1007, 264, 1200, 1084, 185
t539=892
t540=1035, 223, 356, 894, 1116, 958, 774, 501, 800, 968
t541=155, 736, 66, 470, 1205, 925, 1108, 455, 1142
t542=210, 249, 1175, 1013, 405, 1099, 383, 942, 926, 807, 82, 955, 1218
t543=1113, 190, 1227
t544=605
t545=459, 1194, 1200, 1062
t546=709, 1097
t547=436, 211, 779, 1209
t548=1188, 226, 390, 28, 374, 383, 134, 974, 252
t549=518, 383, 915
t550=663, 1093, 136, 380
t551=412
t552=657, 846, 951, 595, 399
t553=252, 269, 330
t554=257, 323, 72, 506, 1234, 881
t555=1052, 538, 373, 386, 1044, 524, 1228, 1227
t556=568, 1210, 71, 405, 1034, 986, 229
t557=73, 185, 709, 713
t558=1140, 81, 818, 525, 380
t559=585, 1125
t560=927, 1007, 558, 728
t561=1081
t562=692, 1016, 1177, 909, 608, 1059
t563=416, 1086
t564=858, 197, 875
t565=410
t566=889, 634, 1145
t567=65, 441, 655, 746, 756
t568=895, 1007, 729, 376
t569=444, 433, 862
t570=940, 815
t571=762, 715
t572=88, 1082
t573=973, 1152, 491, 966, 132, 746, 265, 705
t574=403, 491, 330
t575=898, 1104, 355, 1149, 872, 1224, 185
t576=283, 663
t577=1113, 895, 125
t578=92, 950, 746
t579=199, 1102, 337, 318
t580=1057, 727, 511, 902
t581=838
t582=1007
t583=1103, 1032
t584=1077, 524
t585=353, 744, 240
t586=920, 588, 1164, 590
t587=662, 542, 1167
t588=1053
t589=299, 733, 262, 860, 327, 844, 143, 14
t590=467
t591=492, 560
t592=660, 88, 75, 698, 528, 738, 548, 297, 602, 666, 862, 667, 266
t593=153, 542, 545, 1043, 185, 339
t594=657, 414, 1004, 556, 1116, 205
t595=398, 433, 817, 1069, 1037, 87
t596=860, 155, 940
t597=149, 194, 395, 696, 648
t598=811, 378, 1234, 651, 75
t599=229, 869
t600=850, 698
t601=954, 603, 1005, 455, 848
t602=1145
t603=294, 958, 710, 244, 1224
t604=651
t605=773, 913
t606=94, 1115, 753
t607=1063, 841, 555, 1167, 1191
t608=291, 655, 653
t609=802, 135
t610=754, 146, 508, 1006, 556, 727, 743, 1060, 389, 1194, 990
t611=562
t612=124, 720, 1187, 1086, 1209, 196, 535
t613=610, 973, 803, 294, 463
t614=185, 349
t615=1174, 327, 1081, 604, 979, 168, 862
t616=458, 638, 757, 139, 672
t617=1078, 81, 667, 299
t618=631, 464
t619=480, 552
t620=381, 793, 1129, 243, 763, 1004
t621=271, 517, 133, 1006
t622=372
t623=866, 966, 1193, 671, 779
t624=525, 808, 886
t625=727, 791, 142
t626=256, 775, 506
t627=970, 377, 197, 1053, 515, 1062, 1044, 307, 764, 826
t628=1143, 1113, 176, 672, 433, 32, 1200, 781, 1072, 198
t629=862, 1007, 688, 172
t630=636, 975
t631=1086, 199
t632=499, 942, 1104, 398, 827
t633=329, 248
t634=406, 1135
t635=647, 792, 383, 639, 724
t636=503
t637=224, 296
t638=125, 483, 187, 675, 345, 393, 1087
t639=199, 261
t640=211, 1182, 480
t641=422, 978, 922, 1200, 812, 736, 1118, 31, 1108, 140, 667, 374, 326, 1057, 404, 662
t642=262
t643=855, 1143, 784, 629, 1200, 765, 298, 159, 1155
t644=550, 300, 1041
t645=700, 952, 171, 1040
t646=967, 711, 526, 367
t647=372
t648=346
t649=1222, 690, 1171, 250, 617, 171, 868, 1100, 216, 673
t650=437, 920, 886, 1129, 639, 413, 910, 505, 974
t651=927, 990, 80, 716
t652=1127, 1091, 1013, 654, 1122
t653=1108
t654=597
t655=834, 1173, 1062, 500
t656=506, 529, 435, 949, 418
t657=437, 1057, 223
t658=1193, 522, 722
t659=1162, 92, 66, 746, 562
t660=596, 530, 1144
t661=1116, 244
t662=920, 451
t663=413, 931, 337
t664=285, 1113, 642, 862
t665=412, 893, 939
t666=409
t667=324
t668=1044, 1144, 506
t669=863, 244, 367, 65, 768, 909, 1069
t670=732, 735, 893, 509
t671=573, 580
t672=1224, 644, 567, 1216, 185, 487, 883, 1195, 578, 983
t673=924, 390, 294, 1070, 780, 756
t674=444
t675=228
t676=628, 371
t677=112, 399, 530, 564, 986
t678=1069
t679=139, 444, 464
t680=129, 218, 591, 1187, 365, 1186
t681=261, 1074, 473
t682=746, 403, 987, 1099, 1047
t683=264, 155, 220, 331
t684=724, 556, 649, 914
t685=946, 990, 610, 1126, 1007, 100, 425
t686=254, 828
t687=733, 606
t688=423
t689=666, 720, 429, 612
t690=775, 237, 866, 360, 937, 836, 777, 167, 1032, 523
t691=1032
t692=1070
t693=807, 555, 456
t694=440, 236, 215, 426
t695=1038
t696=687
t697=403, 304, 613, 451, 1015, 573, 691
t698=793, 1162
t699=720, 679, 256
t700=985, 804
t701=1003, 942
t702=1010, 232, 139, 626, 386
t703=116, 434, 104
t704=310, 636
t705=447, 538, 263, 882, 1203
t706=1138, 1099, 954, 943, 379
t707=942, 188, 848, 1189, 588
t708=950
t709=920, 1093, 681, 138, 633
t710=637, 93, 158
t711=561, 1209
t712=401, 208, 925
t713=64
t714=1191, 1030, 869, 683
t715=561, 463
t716=216, 582, 779, 848, 561, 619, 570, 202
t717=390, 520, 217, 842, 715
t718=914
t719=260, 999
t720=903, 980, 551
t721=533, 164, 590, 330, 1156
t722=365, 785, 1036, 661, 814, 614, 816, 1062, 884, 223
t723=437
t724=211, 713, 964, 636, 1028
t725=467
t726=1119, 343, 188, 1098
t727=933, 1200, 667, 385, 650, 672, 884
t728=364, 1153, 33, 1103, 124
t729=923, 643, 882, 863, 330, 1179
t730=889, 956, 462, 723, 429, 704, 248, 1181
t731=469, 909, 819
t732=714, 1010, 37
t733=297, 451
t734=966, 920, 736, 593, 714, 964, 126, 735, 799, 768
t735=769, 518, 1065, 545, 520, 763, 86, 1084, 869, 1003, 565, 936, 435, 1123, 331
t736=496, 281, 201
t737=871, 622
t738=485, 325
t739=690, 70, 901, 530, 256
t740=1203, 711, 1023, 1207
t741=756, 361, 1233, 945, 616
t742=76, 796
t743=709, 118, 74
t744=1130, 498, 1104, 424, 1184
t745=935, 203
t746=576, 800
t747=652, 574, 801
t748=234
t749=442
t750=419, 494
t751=751, 675
t752=1199, 529, 492
t753=597
t754=1164, 1176, 435, 1046, 1128
t755=652, 1153, 302
t756=349, 1133, 543, 942, 1200, 586, 662, 911, 1038
t757=570, 991, 405
t758=984, 1168
t759=960
t760=836, 600
t761=655, 487, 366
t762=1032
t763=559, 1003, 1111
t764=1235, 1066, 310
t765=381
t766=604, 792, 501, 1162
t767=466
t768=218, 1003, 900, 254, 699
t769=783
t770=410, 959, 1214, 200
t771=82, 157, 72
t772=535, 1022, 1159, 321, 1181
t773=1040, 1084, 839
t774=756, 1207, 721, 850, 1130
t775=1121, 695, 1201, 177, 365, 1200, 398, 321, 72, 903, 427, 977, 1172
t776=82, 672, 882, 252, 1032, 646, 233, 1090, 767
t777=171, 428
t778=773, 198
t779=1045
t780=614, 1222, 167, 582
t781=649, 141, 365
t782=597
t783=1010, 1091
t784=207, 443
t785=512, 1222, 5, 1031, 122, 1011, 1072, 641, 823, 218
t786=588, 611, 1224
t787=198, 949, 1090, 1028, 1175, 793
t788=540, 318, 911, 241, 979, 930, 359, 915, 1105, 182, 3, 798
t789=348, 848
t790=969, 527
t791=1135, 545, 631
t792=242
t793=392, 520, 1195
t794=520
t795=92
t796=928, 831
t797=301, 1098, 1041
t798=364, 444
t799=1145, 847, 365, 722, 1069
t800=1119, 141
t801=579, 592, 414, 142, 826
t802=780, 823
t803=761, 1191, 862, 291, 1148
t804=445, 146
t805=520, 851
t806=81, 1070
t807=45, 1104, 948, 819
t808=1133, 193
t809=85, 511, 860, 891
t810=1163, 341, 905, 420
t811=1142, 930, 294, 858, 550, 304
t812=90, 949, 126
t813=438, 829, 394, 1113
t814=672, 1009
t815=993, 515, 1134
t816=22, 548
t817=894, 412, 707, 67, 747
t818=440, 155
t819=966, 364, 486, 377
t820=969, 733, 273
t821=1010, 1180
t822=1063, 807, 588
t823=799, 744, 522, 1098, 587, 524, 1161, 1071, 738
t824=1097, 761
t825=586, 1032, 556, 1114, 442, 953, 132, 333
t826=1089, 464, 373
t827=812
t828=1069, 82, 1082, 276
t829=551, 194
t830=776, 598, 1087, 94, 379
t831=1235, 776, 596, 844, 905, 370, 966, 875
t832=112, 783, 954, 695, 976, 471, 548
t833=351, 163, 159, 761, 421
t834=1035
t835=694, 125
t836=1099, 726
t837=768, 281, 1075, 1207
t838=130, 260, 462, 881
t839=917, 362, 306, 804, 845
t840=57
t841=546, 1074, 523, 816, 1008, 188, 815, 702
t842=676, 654, 671, 1198
t843=438, 341, 1183, 1143
t844=1102, 1076, 191, 809, 165
t845=288, 101
t846=780, 1030, 104
t847=50, 358, 912
t848=695, 344
t849=499, 331, 1001, 736
t850=617, 720
t851=820, 1206, 1025, 752, 644, 54
t852=485, 920, 1228
t853=664, 1216, 1080, 523, 852
t854=823, 155
t855=305, 1232, 773, 837, 1009
t856=1000, 976, 628, 874, 645
t857=750, 837
t858=915, 589, 199, 166, 41
t859=962, 1149, 719, 478, 361, 310, 281
t860=967, 128, 1009
t861=274
t862=699
t863=146, 239, 1088
t864=967, 194, 122
t865=117, 1034
t866=624, 211, 759, 240, 253, 91
t867=946, 236, 853, 728, 130, 642
t868=1189, 245
t869=894, 129, 245, 657, 649, 731, 114, 966, 430, 293, 776, 1120, 490, 851
t870=797, 1068, 104, 1139, 328, 130, 1178, 94, 588, 1027, 330
t871=719, 938, 1197, 404
t872=610, 681, 181
t873=819, 488
t874=716, 238, 950, 247, 350
t875=508, 130
t876=644, 158, 363, 547, 115
t877=1069, 1206
t878=116, 542
t879=865
t880=818, 489
t881=839, 1023, 486, 774, 517, 277, 460
t882=1127
t883=117, 996, 1102, 516, 535, 385, 648
t884=948, 549, 766, 966
t885=652, 1172, 420
t886=672, 588, 377
t887=972
t888=1010, 1009, 643, 568, 233, 966, 190, 176
t889=521, 974, 88, 322
t890=1215, 855, 87, 562, 281, 921
t891=863
t892=739
t893=86, 672, 1184, 706
t894=412, 468
t895=1067
t896=209, 594, 866, 1174
t897=549
t898=340, 736
t899=740, 823, 1038, 569, 464, 1096, 646
t900=70, 363, 84
t901=403, 652, 369, 133, 1086, 337
t902=1104, 1193, 1204, 197, 922, 52
t903=199, 127, 354, 506
t904=147
t905=471, 1009, 942, 1186, 783
t906=979, 358, 579
t907=656, 65
t908=359, 115, 243, 563, 688, 1132, 1061, 450, 444
t909=107, 941, 1042, 1236, 285
t910=466, 1108, 1062, 235
t911=543, 394, 491, 1103, 682, 271
t912=278, 520, 247, 383, 694
t913=1199, 387, 617, 539, 115
t914=802, 889, 780, 442, 685, 209, 865
t915=720, 1047, 467
t916=1050, 1029, 205, 571, 608
t917=116, 1177, 466, 565, 793
t918=376
t919=367, 966, 385, 773
t920=192, 1027
t921=1133, 276
t922=288, 519, 1193, 321, 597
t923=237, 797
t924=570, 893, 992, 331
t925=720, 154, 728
t926=1, 845, 726
t927=575, 1086, 77
t928=692, 150, 1204
t929=610, 181, 1132, 310, 246
t930=1180, 580, 644
t931=1167, 1086, 500
t932=899
t933=741, 1047, 658, 752, 882
t934=1147, 498, 1072, 89, 1009, 783
t935=1151, 98, 1123, 780, 542, 671, 477
t936=145, 436
t937=622, 1236, 315
t938=158, 838, 908
t939=490, 521, 702
t940=661, 922, 188, 1035
t941=214, 796, 155
t942=554, 1103, 1220, 436
t943=319, 1236
t944=888
t945=878
t946=47, 615
t947=261, 1055
t948=1123, 918, 597, 944, 63, 884, 383, 199, 407, 618
t949=681
t950=295, 277, 720, 450
t951=1114, 879, 1162, 358, 1015
t952=394, 444, 948, 829, 293, 544, 601, 501, 759, 305
t953=1044
t954=1053, 652, 891, 672, 523
t955=1050, 793, 480
t956=608, 111, 836, 870, 701, 437
t957=1000, 1209, 735, 36, 1032, 1200
t958=849, 198
t959=130
t960=197, 603, 369, 682, 864, 558
t961=893, 853
t962=671, 920
t963=395, 739, 873, 511
t964=199, 724
t965=899, 15, 889
t966=156, 674, 508, 279
t967=332, 1022
t968=929, 437
t969=619, 751, 1190
t970=438, 806, 133, 967, 1007
t971=825, 396, 561, 787
t972=142, 1154, 527, 882, 1190
t973=1022, 74
t974=723, 896, 833
t975=202, 731, 238, 408, 415, 788
t976=1194, 81, 1219, 431
t977=410, 1085, 1154, 855, 541, 634, 878
t978=280, 561, 679
t979=848, 813, 108, 413, 789, 210, 225, 215, 998, 1078, 824
t980=451, 1087
t981=508
t982=672
t983=783, 974, 408
t984=698, 245
t985=951, 927, 1078, 1103, 289
t986=1140
t987=912, 640, 636, 918, 1127, 1169, 868, 525, 827, 195, 109, 846, 130, 429, 821
t988=1078, 330
t989=976
t990=939
t991=473, 906, 1113, 770
t992=168, 1068, 349
t993=305, 573, 927
t994=564, 745, 500
t995=757, 262, 830, 438, 891
t996=942
t997=438, 346
t998=942, 833
t999=811, 740
t1000=139, 979, 507
t1001=473, 983, 34, 154, 275, 957, 664, 280, 864, 599, 1049, 1222, 943, 226, 987, 710
t1002=570
t1003=1068, 296, 1188
t1004=168, 990
t1005=1229, 1044
t1006=775, 501
t1007=509, 689
t1008=285, 188, 164
t1009=1024
t1010=662, 114, 942, 1116, 1079, 367, 486, 547, 914, 604, 838, 1117, 145, 1141
t1011=407, 601, 752, 433, 1020, 664, 453, 614, 599
t1012=701, 163
t1013=1199, 972, 731
t1014=230, 579, 556, 365
t1015=728, 746, 819, 576, 660
t1016=615, 1151
t1017=384, 769
t1018=130
t1019=702, 1078
t1020=1224, 925, 784, 227, 726, 1001
t1021=268, 1145, 790, 1199, 245
t1022=709, 165, 1217, 775, 543, 64, 386, 670, 154, 1149, 507
t1023=809
t1024=238, 27, 768
t1025=636, 342
t1026=1037
t1027=860, 103
t1028=429, 162, 895, 724, 1106
t1029=1061, 1069
t1030=1150, 812
t1031=67
t1032=318, 126, 885
t1033=373, 356
t1034=617, 21
t1035=140, 1073, 993
t1036=148, 789
t1037=1106
t1038=387
t1039=221, 920
t1040=534
t1041=419
t1042=287, 1030, 908, 717, 861, 665, 327
t1043=1235, 566
t1044=1202, 1217, 660, 846, 1235
t1045=1096, 867, 130
t1046=926, 837
t1047=282, 950, 483, 208
t1048=931
t1049=318
t1050=611, 1142, 167, 669, 617
t1051=446, 479
t1052=16, 320, 1179, 211, 598, 513, 850, 905, 154, 849, 386, 459, 544, 537, 1123, 754
t1053=347, 874, 974
t1054=891, 492, 860, 438
t1055=401, 865
t1056=342
t1057=253, 741, 1061, 941, 895, 1137, 677, 1001, 1157, 627, 760, 600
t1058=437, 800
t1059=1078, 933, 1191, 72, 491
t1060=1090, 654, 515, 804, 828, 292
t1061=106
t1062=583, 692, 116
t1063=1016, 1100
t1064=410, 783, 1220, 1205, 676, 842
t1065=135
t1066=532, 80, 737
t1067=483, 592
t1068=932, 453, 795
t1069=1138, 130, 923, 569, 1200
t1070=1144, 472, 221, 526, 153, 958, 222, 797
t1071=187
t1072=1099, 560, 1091
t1073=977, 777
t1074=181, 839, 588, 643, 1137, 119, 106, 889, 703, 449, 1086, 425
t1075=98, 801, 509, 961, 918, 213, 463
t1076=1096, 130, 95, 1036
t1077=879, 124, 753, 317
t1078=648, 130
t1079=304, 134, 454
t1080=645, 491, 1079
t1081=1071, 299, 508, 1196
t1082=837, 428
t1083=960, 758
t1084=750, 1199
t1085=367
t1086=1165, 527, 1230, 484, 676, 934
t1087=1107, 486, 802, 701
t1088=508, 985
t1089=613
t1090=1053, 285, 831, 1185
t1091=1200
t1092=560
t1093=642, 926
t1094=84, 491, 971, 1170
t1095=289, 890, 86, 430, 651
t1096=706, 87, 583, 1061
t1097=666, 1056
t1098=787, 187, 929, 1032, 471, 849
t1099=1235, 890
t1100=1123, 564, 776
t1101=588, 529, 654, 804, 124, 1057
t1102=728, 721
t1103=1151, 1200, 877, 841
t1104=64, 1032, 1228, 654
t1105=815, 588, 941
t1106=724
t1107=1078, 759, 990, 155, 878
t1108=312, 748
t1109=823, 156, 309, 260, 832
t1110=657, 637, 1132, 940
t1111=178, 1146
t1112=978, 119
t1113=171, 1076, 521, 1054, 587, 457
t1114=91, 294
t1115=371, 768
t1116=848
t1117=326, 110, 319, 250
t1118=241, 137, 464
t1119=592, 455, 477, 263, 1088, 1109, 796, 1177, 923, 551, 289
t1120=876, 252, 98
t1121=66
t1122=1167, 207, 919, 684
t1123=101, 580, 917
t1124=749, 346, 994, 843, 86
t1125=102
t1126=679, 981, 893, 687, 1173, 127, 271, 311, 759, 551, 779
t1127=1141, 826
t1128=440
t1129=415, 71
t1130=1104, 891, 584, 739, 415
t1131=745
t1132=382, 793, 989
t1133=224
t1134=514, 1188, 759, 314
t1135=435
t1136=812, 788
t1137=738, 489, 107, 121, 1167, 723
t1138=453, 679, 393, 1183
t1139=1141, 304, 1235, 271, 420, 196, 796
t1140=565, 875
t1141=942, 336
t1142=1100
t1143=415, 256, 791, 794, 118, 1031, 789, 260, 858
t1144=1181
t1145=1080, 626
t1146=955, 618, 253, 1199
t1147=516, 73, 202
t1148=1090
t1149=895, 1198, 199, 1199, 160
t1150=72, 289, 622, 63, 570
t1151=769, 1200, 1095, 446
t1152=1058, 744
t1153=284, 311, 1023
t1154=1111, 35, 669, 1030
t1155=303
t1156=364, 450, 882, 642, 1063, 1017
t1157=95, 785
t1158=545, 1052, 997
t1159=260, 389, 692, 238, 862
t1160=675, 1161, 856
t1161=327, 152
t1162=410, 680, 215, 709, 1018, 575
t1163=179, 1202
t1164=330, 545, 183, 358
t1165=623, 818
t1166=171, 903, 561, 732, 974
t1167=1233, 1179, 234, 1066, 423
t1168=400, 1185
t1169=779, 775, 579, 1076
t1170=195, 566, 942
t1171=351, 659
t1172=1092, 1165, 936
t1173=996, 705, 1148, 8
t1174=497, 1183, 904, 362
t1175=111, 653, 148
t1176=1117, 893, 429, 930, 535, 26, 501
t1177=1121, 965, 1016, 461, 573, 252, 918, 588, 1116, 240, 413
t1178=149, 857, 922
t1179=98, 273, 436, 936, 516, 502, 520, 616
t1180=964
t1181=807
t1182=822, 793
t1183=816, 212
t1184=698
t1185=848, 583, 437, 180, 515, 301, 118, 413
t1186=161
t1187=510, 566
t1188=1048
t1189=709, 1087, 730, 1147, 955
t1190=1032, 866, 1171
t1191=1229, 973, 620, 862, 782, 1217, 497, 59
t1192=78, 769, 390, 112, 1024
t1193=1025, 908
t1194=1206, 123
t1195=172
t1196=954, 647, 223, 614, 853
t1197=694, 588, 904
t1198=817, 428
t1199=789, 1178, 614
t1200=760, 491
t1201=833, 268, 438, 669, 1092
t1202=715, 575, 530, 586, 275, 416
t1203=625, 1172
t1204=116, 131, 147, 676, 375
t1205=1081, 671, 879, 375, 329
t1206=312, 1034, 124, 1095
t1207=599, 789, 998, 125, 1227, 928, 516
t1208=1139, 144, 1054, 212
t1209=624, 1080
t1210=783, 162
t1211=81
t1212=804, 823, 907, 334
t1213=1001, 357, 772, 276
t1214=96, 666, 192, 273
t1215=19, 683, 592, 830, 859
t1216=306, 229
t1217=1070, 780
t1218=1037, 527
t1219=584
t1220=150, 630, 180, 671, 232, 233, 644, 522, 104, 775, 979, 92, 968, 611, 808
t1221=1167, 729
t1222=871, 1051, 1167
t1223=868, 381, 973
t1224=103, 86, 877
t1225=386, 357, 558, 1230, 929, 1154
t1226=995, 615
t1227=123, 654, 1166
t1228=352
t1229=979, 926
t1230=1234, 208, 932, 892, 1085, 1039
t1231=747, 229
t1232=120
t1233=954, 511, 395, 1229, 298, 1203, 770
t1234=759, 953, 484
t1235=761, 703, 450, 1158, 1167, 287, 918
t1236=759
t1237=1149
t1238=514, 123, 740, 970
t1239=1070, 1209, 218, 66
t1240=536, 262, 1065, 522, 1059, 563
t1241=252, 1022
t1242=352, 976, 181, 392
t1243=1113, 673, 992
t1244=67, 933, 166
t1245=76, 557, 191
t1246=1076, 1186
t1247=1016, 838, 457, 1048, 601
t1248=330, 243
t1249=893, 760
t1250=577, 437, 391, 581, 1059, 752, 444, 190, 304, 1123
t1251=510, 274, 727
t1252=99, 131
t1253=1021, 317
t1254=515, 990, 206, 452, 918
t1255=186, 664, 156, 268
t1256=1033, 1032, 462, 243, 961, 516, 121, 911
t1257=619, 703, 1024
t1258=217, 551, 1143, 377
t1259=1078, 113, 1103, 718, 559, 831, 264, 451, 840, 769
t1260=979, 783
t1261=461, 266, 627, 668, 1101, 159
t1262=1211, 506, 294, 565, 902, 1182
t1263=385, 589, 874
t1264=1218
t1265=254, 530, 625, 332, 244, 394, 1227, 1104, 833, 930, 1102, 470
t1266=491, 73, 146
t1267=232, 412, 549
t1268=1235, 720, 856, 1224
t1269=234, 943, 996, 1221
t1270=243
t1271=895, 434, 1187
t1272=458, 1227, 1054, 571, 701, 950
t1273=1182, 1100
t1274=667, 787, 569, 320, 488, 665, 709
t1275=955, 599, 292, 352, 99, 424, 1225, 810, 731
t1276=974, 427, 475, 360
t1277=878
t1278=87, 612
t1279=588
t1280=1233, 551, 870, 345, 424, 175
t1281=78
t1282=1133, 1002, 528, 811, 789, 527, 670, 1162, 718, 367
t1283=262, 662, 1149
t1284=63, 683, 996, 1207
t1285=980, 942, 646, 255, 767
t1286=803, 12, 938, 689, 125, 527
t1287=1069, 561
t1288=1150, 119, 855, 167, 766, 862, 1106, 457, 530, 893, 1075, 974, 223
t1289=384, 432
t1290=551, 714, 229, 109, 1019
t1291=1223, 886, 971, 76
t1292=719, 1237, 72, 1233, 40, 527, 611, 342, 231, 107, 1063, 657, 404, 541
t1293=282, 909, 754
t1294=594, 963, 101
t1295=71
t1296=659, 140, 466, 1099, 38, 303
t1297=258, 1131
t1298=809, 744, 1113, 990
t1299=561, 874, 505, 72, 374, 973
t1300=185
t1301=71
t1302=632, 105
t1303=188, 1208, 749, 127, 252, 840, 521
t1304=1139
t1305=208, 915, 1160
t1306=1087, 720, 1200, 495, 954
t1307=304, 1047, 1098
t1308=375, 853, 1026, 279
t1309=757, 1035
t1310=795, 783
t1311=336, 937
t1312=366, 321
t1313=664, 402, 135, 768, 347
t1314=1235
t1315=1228, 431, 1146, 597
t1316=29, 280, 565
t1317=491
t1318=588, 1207
t1319=17
t1320=426, 1167, 174, 464
t1321=561, 1217, 805
t1322=1164, 268, 739, 582, 880
t1323=1006, 400, 274
t1324=955, 372, 1069
t1325=111
t1326=1122, 955, 623, 405, 109, 885, 728, 535, 857
t1327=990, 1006
t1328=1193, 1078, 952, 657
t1329=925, 987, 409, 388, 788, 556
t1330=567, 437
t1331=322, 876, 542, 933, 1014, 528
t1332=1131, 1091
t1333=900, 889, 1173, 758, 681, 294, 459, 675
t1334=761, 1149, 803, 1026, 854, 199, 282, 605, 702, 1153
t1335=261
t1336=726, 831, 98, 600
t1337=445, 933
t1338=440, 361, 472, 346, 1217
t1339=516, 672, 1013, 9
t1340=724, 1065, 898
t1341=465, 1198
t1342=318, 726, 998, 270
t1343=923, 644, 906
t1344=221, 161, 930
t1345=729
t1346=702, 243, 448, 717, 620, 1009, 1181
t1347=1078, 484, 292, 916, 520, 474
t1348=1147, 212, 755, 385, 441
t1349=901, 803, 802
t1350=408, 251, 1221, 588
t1351=1138, 660, 432
t1352=413, 936, 641, 307, 380, 1107, 412, 722, 1231, 265, 685, 918, 200, 780, 747, 525
t1353=726, 1217
t1354=199, 1166, 1170, 381
t1355=1185, 1159, 793, 1213
t1356=628, 1086, 871
t1357=416, 512, 410, 75, 62
t1358=797, 1097
t1359=722, 275, 67, 1158, 1002, 518, 474, 566
t1360=255, 664, 108, 806, 887
t1361=890
t1362=336, 817, 337, 447, 183, 414, 1083
t1363=761, 889
t1364=1150, 990, 491
t1365=233, 296, 1235, 516
t1366=670
t1367=161, 750
t1368=1016, 499, 991
t1369=290, 1051
t1370=283, 921, 85
t1371=280, 870
t1372=1232, 1183, 272, 317, 442, 826, 994
t1373=1110, 706, 1184
t1374=448, 585
t1375=360, 77, 1231
t1376=100, 810
t1377=556, 1191
t1378=534, 643
t1379=1224, 352, 1029, 445, 286, 137, 609, 1047, 783, 459, 1143, 802, 322, 1022, 1053, 1018, 1005
t1380=112, 292
t1381=760, 377, 676, 198, 145
t1382=531, 989, 859, 575
t1383=1142, 743, 627, 474, 548
t1384=1124, 175, 218
t1385=507, 1196, 1058
t1386=181, 135
t1387=126, 23
t1388=882
t1389=377, 1165, 1145, 394
t1390=1106, 949
t1391=580, 151, 878
t1392=715, 538, 206, 169, 863
t1393=1135, 373
t1394=732, 891
t1395=907, 778, 196
t1396=390, 947, 746
t1397=140
t1398=352
t1399=135, 767
t1400=554, 1010, 212, 1199
t1401=64, 434
t1402=285, 952, 1006, 361, 769, 974, 1009
t1403=198, 1171
t1404=433, 116, 451, 1143, 1104
t1405=925, 562, 1132, 1026
t1406=848, 902
t1407=233, 551
t1408=1149, 1070, 779, 874
t1409=543, 147, 837
t1410=90, 676, 123, 1097, 1212
t1411=888, 1073, 1199
t1412=693, 501, 821, 1145, 621, 1054, 889
t1413=123
t1414=883, 704, 1055, 61, 416, 903
t1415=881, 758, 897, 619, 824, 547, 308, 153
t1416=831, 578, 366, 424
t1417=1147, 941, 1000, 611
t1418=696, 426, 985, 926
t1419=181, 1118
t1420=171, 554
t1421=411
t1422=523, 863, 1216, 125
t1423=488, 680, 1210, 352, 684, 712, 514, 746, 644, 575, 1066, 282, 1213, 730, 1105, 340, 500, 209, 650, 1034
t1424=1125, 672, 714, 1162, 259
t1425=240, 291, 954, 395, 98, 296
t1426=96, 1006, 414
t1427=848
t1428=635, 529
t1429=391
t1430=981, 125, 953, 243, 719, 156, 1149, 936, 457, 910
t1431=440, 652, 455, 910, 72
t1432=1237, 1178
t1433=610, 1079, 1068
t1434=168, 1178, 783
t1435=225, 838
t1436=80, 588
t1437=765, 1098, 492, 502
t1438=454, 643, 672, 916, 373, 267, 1219, 693
t1439=412, 749
t1440=1099, 636, 133
t1441=220, 929
t1442=1002, 382, 292, 245, 1078, 905, 451, 314
t1443=698, 229, 257
t1444=310, 675
t1445=1076
t1446=203, 1143, 405
t1447=452, 18, 349, 191, 699
t1448=1101, 1135
t1449=1082
t1450=574, 418
t1451=850, 591, 753, 524, 804, 170, 1029, 322
t1452=555, 1031
t1453=958, 1129
t1454=552
t1455=862, 337, 229, 1073
t1456=692, 789, 203, 771
t1457=966, 788, 515, 803, 571, 364
t1458=545, 1229, 401, 1227, 736, 778, 738, 1176, 49, 729
t1459=966, 579
t1460=246, 469, 228, 970, 726, 352, 597, 437, 1104
t1461=180, 922, 482
t1462=527, 995, 893, 1050
t1463=78, 567
t1464=905, 414, 1078
t1465=975, 435, 7, 424
t1466=1103, 1171, 1151
t1467=134
