totalreqs = 1237
totaltest = 1467
//------------------------------------//
// Test Case Versus Requirements Maps //
//------------------------------------//
t1=846, 357, 566, 494
t2=1203, 1033, 810, 415, 333, 1085
t3=594, 975
t4=782, 861, 527
t5=907, 1214, 721, 1084
t6=293, 732
t7=168
t8=480, 292
t9=372, 224, 1110, 1198
t10=575, 873
t11=855, 290
t12=279, 371, 334, 1037, 1005
t13=443, 103, 1106, 533
t14=100
t15=543, 1200, 592
t16=187, 1225, 603
t17=1076, 963
t18=32, 489
t19=1127
t20=84, 995
t21=805, 1231
t22=866, 322
t23=1188, 451
t24=700, 34
t25=438, 262
t26=493, 227, 207, 995, 502
t27=551
t28=1222, 347, 475, 988, 390, 864
t29=1188, 865, 877, 648
t30=472
t31=378, 952, 702, 832
t32=103, 991
t33=1115, 625, 686, 423
t34=731, 1140, 409, 484, 447
t35=475, 164
t36=850, 441
t37=713, 1122
t38=713, 707, 986
t39=11, 925
t40=1232, 456, 1213
t41=1014, 943
t42=72, 597, 870, 832
t43=678, 436, 894, 595, 1147, 335, 349
t44=266, 1073, 907, 385, 486
t45=712, 998, 676, 229
t46=314, 584, 124, 1108, 774, 414
t47=72, 1082, 953, 641
t48=517, 474, 1049, 333, 1105, 778, 469, 711
t49=513, 882, 918, 947
t50=327, 154
t51=424, 1190
t52=175
t53=791, 198, 446, 294
t54=151
t55=230, 116, 962, 986, 195
t56=914, 981
t57=546, 849, 1113
t58=660, 1073, 364
t59=361, 742
t60=1181
t61=602, 1203, 154
t62=466, 653, 503
t63=849, 349
t64=211, 256
t65=665, 99, 733
t66=1072, 393
t67=765, 979, 228
t68=626, 548
t69=100, 331, 97
t70=377, 851
t71=141, 996
t72=831, 723, 1202, 190
t73=188, 1003
t74=1111, 970
t75=83, 808, 117
t76=367
t77=577, 594
t78=648, 1113
t79=878, 543, 691
t80=622, 398
t81=645, 542
t82=1048, 568, 918, 213
t83=106, 1072, 1158
t84=397, 403
t85=836, 158, 1029, 590, 1204, 936, 581, 230, 1215, 199, 413
t86=225
t87=481, 104
t88=238, 1141
t89=73, 1104
t90=278, 1159, 219, 518, 456
t91=162, 359, 833
t92=1013, 678
t93=460, 137, 525, 982
t94=1079
t95=904, 782, 764, 1023, 151, 860, 341, 196
t96=718, 659, 57, 80
t97=451, 1038
t98=189, 986, 355, 103
t99=181, 543, 480
t100=999, 140, 1000, 1104, 607
t101=781, 939, 422, 537
t102=1073, 1198
t103=61, 1149, 663, 234, 162, 254
t104=507
t105=86, 1237, 363, 81
t106=181, 533
t107=246, 473, 128, 463
t108=1172
t109=779, 91, 785, 119, 1069, 129
t110=463, 1063, 1144, 1179, 180, 789, 751, 575
t111=246, 1221, 1102
t112=1041, 286, 476
t113=1004, 231, 116, 408, 328, 589, 1096, 182
t114=514
t115=662, 612, 850, 27, 719, 334, 846
t116=863, 764
t117=882, 1195, 1151, 654, 501, 503
t118=779, 107
t119=199, 569
t120=700
t121=755, 1090, 863, 175, 590
t122=1023, 1139, 334
t123=261, 598
t124=537, 522
t125=489, 909, 708, 189
t126=725, 332, 1020
t127=834
t128=538, 982
t129=941, 189, 691
t130=539
t131=691, 755, 850, 671, 1049
t132=895, 777
t133=536, 279
t134=344, 1004, 445, 236, 967, 499, 1178, 657
t135=939, 129, 164, 642, 785, 128, 696, 294, 1006, 333, 1209, 142, 581, 937, 300
t136=647, 192, 374
t137=1132, 190, 915
t138=132
t139=201, 664, 842
t140=403, 332, 620
t141=322, 873, 215, 437, 799, 232
t142=481, 495
t143=729, 361, 687, 782, 1091, 169, 382, 87, 133, 154, 1199, 102
t144=665, 618, 626, 784
t145=844, 462
t146=809, 918, 701, 1182, 356, 429
t147=661, 946, 358
t148=1037, 871, 528
t149=483
t150=87, 615, 649, 618, 685, 1123
t151=1109
t152=194, 800
t153=83, 554, 38, 81, 619
t154=580, 917, 783, 1131, 1084, 825
t155=1075, 844, 1232, 901
t156=1229
t157=787, 630
t158=544
t159=80, 543
t160=813, 775, 758, 616, 1103, 1178, 575, 966, 1148
t161=389, 138, 619
t162=1137, 797, 848, 347, 362
t163=305, 129, 208, 303
t164=260
t165=503, 541, 860, 821
t166=646, 522, 302
t167=397, 624, 867, 1134, 573, 173, 426, 363
t168=1142, 337, 1070, 79, 759, 589, 278, 225
t169=130, 1110
t170=466
t171=718, 398
t172=559
t173=1020
t174=137, 452
t175=623, 921, 259
t176=878
t177=1054, 462, 1081, 1063, 1044, 856
t178=1063, 1013
t179=989, 510, 848
t180=972
t181=1116, 190
t182=471, 1008
t183=957
t184=1032, 319
t185=1049, 1230, 648, 1168, 712
t186=1135, 546, 873, 1170, 196
t187=1203, 592, 737, 644, 1020, 667, 773
t188=572, 1067, 323, 640, 190, 98
t189=883, 136, 529, 81, 935, 123, 1128
t190=479, 278, 481
t191=70, 193
t192=793, 563, 1185
t193=621, 1083
t194=1153, 1049
t195=700, 988, 1190, 255, 479, 712, 560
t196=716, 1064, 106, 438, 103, 447, 569, 600, 509, 67
t197=1154
t198=805, 80, 648, 197, 686, 154, 543, 1031, 708, 889, 785
t199=1220, 1011
t200=1225, 322, 230, 1045, 700, 603, 770, 213, 1088, 1057, 550, 926, 496, 815, 524, 842
t201=416, 1211, 483, 956
t202=253, 749, 987, 381, 1194, 439, 1204
t203=337, 190, 433
t204=715, 326, 661
t205=425, 530, 237
t206=1108, 1219, 1085
t207=338, 974, 1043
t208=147, 1106, 112, 253, 664
t209=157, 395, 552, 996, 950
t210=317, 701, 882, 786, 493, 81, 708, 361
t211=175, 739, 268, 196
t212=444, 598
t213=658, 538, 66, 693, 438
t214=97, 982
t215=503, 1174, 765, 1237, 499, 195, 1177, 194, 517
t216=878, 278, 1209
t217=503, 378
t218=314, 1103, 834
t219=1140, 922, 777
t220=352, 160, 111
t221=1090, 464, 677, 349
t222=1032, 795, 853
t223=1231, 379, 99, 1038, 695, 511, 849, 891, 877, 1113, 148, 447
t224=481, 804
t225=504
t226=675
t227=189, 115, 465, 356, 1213, 1189, 1155, 1187
t228=197, 837
t229=909, 1203
t230=819, 1091, 873, 771
t231=1180, 608
t232=986, 1049, 913, 776, 757, 571, 579, 999, 189, 1014
t233=444, 160
t234=566, 113, 131, 803
t235=627, 984, 439, 331
t236=944, 982, 1105, 794
t237=1167, 1218
t238=1225, 541
t239=616, 119
t240=212, 124, 747, 78, 1125, 751, 1140, 457, 328, 783, 830, 322, 134
t241=735
t242=243, 966
t243=1023
t244=1219, 402
t245=443, 593, 409, 1100
t246=639, 975
t247=172, 859, 783, 959, 348, 1023, 388, 305
t248=575, 938, 819
t249=531, 448, 435
t250=781, 755, 318, 85, 1085
t251=1100, 324
t252=124, 914, 1184, 837, 842, 514, 82, 293
t253=1067, 502, 920, 318, 1092, 511, 992, 124, 1209
t254=772, 474, 889, 820, 83
t255=778, 1071
t256=1145, 1094, 129
t257=208, 786
t258=970, 968, 312, 982, 128
t259=1164
t260=1172, 683, 832
t261=850, 1179, 832, 1010, 742, 247
t262=254, 562
t263=1167
t264=899, 1233
t265=986, 996, 497, 221, 447
t266=374, 1180, 972
t267=117, 476, 1144
t268=710, 882, 476, 71, 504
t269=548
t270=735, 554
t271=692, 244, 258, 888, 200
t272=172, 707, 685
t273=702, 1002, 1219, 594
t274=212, 1018, 715
t275=513
t276=286, 109, 18, 315, 513, 701
t277=721, 261, 1096, 551, 1112, 636, 1216
t278=246, 1222
t279=755, 788, 699, 1015, 140
t280=444, 128
t281=957, 896
t282=201, 705, 751
t283=121, 506, 1046, 344, 145, 1008, 713, 1220, 376, 1141, 1097, 1075
t284=943, 887
t285=454
t286=44, 663, 460, 596, 104
t287=284, 1110, 615, 133, 1109, 940
t288=1132, 982, 1157, 332
t289=218, 1117, 429, 226, 120
t290=459, 293, 948, 901, 833, 403
t291=215, 820, 387, 1137, 714
t292=52, 1014, 737, 1192, 343
t293=855, 992
t294=1106, 1088, 979
t295=1074, 1218, 510
t296=494, 1064, 282, 905, 854, 458
t297=1045, 849
t298=811, 632
t299=919, 1148, 684, 671, 887, 985, 93
t300=1160, 1201, 196, 1182
t301=1066, 335
t302=311, 995, 935, 306
t303=777, 190, 796, 627
t304=598, 124
t305=707, 1170, 811, 265, 902, 401, 259, 184
t306=1006
t307=1145, 591, 1112, 859
t308=518, 918
t309=744
t310=701, 1071
t311=156, 501
t312=168, 686
t313=257, 559, 777, 432
t314=350, 270, 330, 417, 491, 925
t315=296
t316=682, 502, 941, 851, 22
t317=746, 986
t318=783, 689, 679, 496, 650
t319=254, 580
t320=578
t321=67
t322=536, 627
t323=817
t324=787, 217
t325=529, 1036, 446, 329, 1088
t326=851, 847, 869, 989, 68, 755, 358
t327=646
t328=373, 328
t329=519, 1188
t330=650, 661
t331=1057, 727, 580, 266, 1051
t332=348, 1131
t333=882, 324
t334=7, 1221, 920, 1138
t335=146, 813, 254, 1057
t336=371
t337=969, 551, 588
t338=520
t339=308, 1212, 1176, 731, 995, 95, 677, 760
t340=895, 629, 1215
t341=239, 284, 158, 625, 85, 833
t342=654, 191
t343=755, 327, 1003
t344=929, 833, 1197, 266, 175, 502
t345=856
t346=930
t347=501
t348=898, 1055
t349=766, 1160, 438
t350=278
t351=867, 820, 709
t352=661, 869
t353=1081, 668
t354=702, 113, 256
t355=1153, 129
t356=932, 693, 1197, 477
t357=529, 281, 141, 248, 842, 385, 792, 947
t358=174, 1123, 1112, 137
t359=936, 553, 1219, 193, 959, 605, 515
t360=167, 330, 730, 757
t361=529, 1148, 780, 833
t362=628, 988, 521, 467
t363=452
t364=721, 894
t365=1206, 486
t366=533, 827, 1225, 1042, 957, 108
t367=1023, 715, 423, 744
t368=420, 694
t369=1093, 622, 547, 336, 179, 882
t370=648, 1063, 365, 180
t371=300, 144
t372=720, 1223, 914, 573, 881
t373=584, 736, 1205, 862, 986
t374=138
t375=594, 70, 362, 610
t376=103, 255, 95, 661
t377=299, 352, 1202
t378=373, 746
t379=1061, 628, 227
t380=80, 783, 1064, 1150
t381=704, 589
t382=1163, 1152, 384, 106
t383=140, 549, 466, 366, 909
t384=293, 78
t385=1202, 982
t386=590, 632, 161
t387=355, 267
t388=287, 910
t389=953, 474, 493
t390=593, 139, 1141, 1207, 335
t391=165, 293, 872, 230
t392=978, 1196
t393=719, 472, 691
t394=835, 1069, 220
t395=784, 69, 645, 880
t396=529
t397=81, 796
t398=543, 1073
t399=582, 663
t400=1107, 571, 971, 972
t401=462
t402=208
t403=483, 714
t404=990, 300
t405=413, 767, 1108, 540
t406=879, 1084
t407=724, 97
t408=322, 1222
t409=988, 720, 830, 1093
t410=59, 244
t411=962, 658
t412=562, 1158
t413=1234, 302
t414=408, 1167, 258, 699
t415=1188, 666, 482, 452, 1185, 285, 563, 625, 295, 275, 865, 913
t416=730, 613, 436
t417=718, 359, 705
t418=641, 562, 827, 1159, 277, 1098, 810, 33, 750
t419=444, 982, 124
t420=569, 388
t421=828, 251, 185, 1031
t422=256, 671, 982, 273, 1020, 637, 781
t423=490, 625
t424=785, 997
t425=87, 50
t426=198
t427=187, 543, 547
t428=1043, 428
t429=121, 828
t430=1058, 837, 923
t431=182
t432=282, 620
t433=370, 1142
t434=1045, 1208, 468, 210, 229, 915, 475
t435=1110
t436=975
t437=226, 427, 1010, 305, 566, 590, 365, 456, 234, 990
t438=575, 1009, 518, 366, 992, 749, 897, 941
t439=180, 913
t440=360, 147
t441=554, 398, 307
t442=659, 1133, 1047
t443=177, 964, 709, 874, 497, 606
t444=866, 684, 662
t445=714, 813, 1038, 500, 680
t446=246, 1217, 734, 1175
t447=1223, 688
t448=1096, 435, 1200, 337, 907, 163, 1147, 1070, 797, 106, 1177, 188, 1049
t449=130, 299, 844, 646, 408, 988
t450=1234, 719, 1090, 83, 928
t451=233, 934
t452=1034, 641, 840, 883, 62, 352, 175, 702, 87, 730
t453=986, 589, 1118
t454=991, 530, 725, 960, 1049
t455=1050, 419, 96, 874
t456=1026, 453, 344, 786
t457=911
t458=1053, 1180, 493
t459=576, 382, 1137, 1106, 619
t460=419, 583, 392, 85, 247, 1025, 1003, 856
t461=1136, 733, 256, 1207, 1194, 289, 42, 95, 1067, 659, 1062, 944, 386, 1055, 77, 1098
t462=121, 252, 539, 882, 239
t463=768, 617
t464=709, 1159, 250
t465=948, 901, 390, 767, 919
t466=661, 752, 135, 809, 624, 743, 1119, 903, 973, 1101, 799, 236, 1045, 207, 794, 861, 430, 364, 176
t467=429, 926, 306
t468=260, 400
t469=209, 623, 776, 460, 310
t470=698, 1196, 351, 722, 368, 1069, 292
t471=654, 315, 690, 131, 912
t472=277, 67, 690
t473=399
t474=106, 898, 97, 286, 221, 150, 154
t475=302, 207
t476=975
t477=859, 82, 914, 347, 1127, 1128, 1182, 467, 1077, 1083
t478=211, 939
t479=506, 395, 137, 777, 136, 781
t480=858, 720
t481=771, 481, 868, 1196, 493, 81
t482=552
t483=912, 348, 404, 739, 410
t484=552, 1026, 1041
t485=960, 686
t486=954, 1210, 581, 1063, 414
t487=381, 555
t488=888, 76, 166, 589, 833
t489=665, 537, 493, 865, 914, 478, 285, 676, 170, 1220, 780, 457, 203, 1104, 1112
t490=380
t491=573, 1162, 126
t492=347, 609, 403, 82, 980, 816
t493=1160, 1110, 943
t494=625, 581
t495=1190
t496=931
t497=514, 646, 157
t498=256, 288
t499=526, 151
t500=286
t501=765, 390, 461
t502=891, 231, 730
t503=543, 145, 1110, 1007, 137, 286, 234, 618, 743, 589, 210
t504=711, 349, 124, 288, 686, 248, 505, 418, 576, 1160
t505=422, 554, 364
t506=226, 1080, 710, 1023
t507=1029
t508=669
t509=380, 577, 1085, 701, 1190, 1080
t510=145, 398
t511=69, 737
t512=418, 1113, 171, 507, 532, 779, 1123, 560
t513=1113, 686
t514=814, 1213, 170, 445
t515=718
t516=610, 1123
t517=476, 723
t518=995, 650, 393
t519=914, 325
t520=353, 111
t521=520, 692, 145, 793, 230
t522=496, 196, 326
t523=1050, 1114, 1215, 93, 128, 834, 640, 1084, 913, 543, 1223
t524=525, 940
t525=707, 1140, 936, 687
t526=491
t527=298, 1136, 1052, 182, 705
t528=1219, 1202
t529=662, 615, 1201
t530=20, 1159
t531=652, 771, 955
t532=859, 1146, 260
t533=1051
t534=849, 142, 364
t535=761, 1163, 709
t536=182, 1073
t537=1180, 562, 1117, 152, 1185, 701
t538=157, 827
t539=258, 129
t540=1020, 756, 1109, 887, 375, 119
t541=894, 732, 720, 578
t542=1207, 357, 1050, 503
t543=949, 950
t544=922, 978, 64
t545=745, 1053, 953, 395, 83, 1041
t546=700
t547=1021, 976, 413, 983, 470
t548=254
t549=934, 417, 316, 829, 518
t550=1217, 474, 1113, 741
t551=309, 1096
t552=545, 830, 256, 941, 1057, 286, 271, 49, 770, 905, 105
t553=262, 682, 1113, 239, 709
t554=1227, 111, 296, 739, 882, 714
t555=542, 333, 155, 886, 1004
t556=936, 87
t557=656, 352
t558=403
t559=821, 145, 729, 360, 531, 690, 358, 1061, 447
t560=654
t561=180, 1173, 1031
t562=631, 178, 476, 313, 1067, 475
t563=806, 786
t564=724, 129
t565=25, 923
t566=260, 648
t567=553, 19, 1227, 796, 1151
t568=465, 456, 173, 1116, 325, 482, 1202, 527, 1185, 738, 467, 986, 165
t569=210, 426
t570=398, 832, 1190, 161, 544, 80, 258
t571=543, 773, 215
t572=1185, 351, 385, 1197
t573=371, 110, 609, 736, 319
t574=1110, 769, 614, 299, 1213, 326, 567, 474, 643, 544, 1047, 1207
t575=1103, 149, 876
t576=995, 845, 601, 63, 249, 645, 648, 1208, 1063, 415, 302, 500, 1028, 406, 1136
t577=1228, 1217
t578=181, 737, 638, 687, 762
t579=1092, 1082, 550, 294
t580=519, 828
t581=670, 440, 1208, 779, 858, 543, 694, 981
t582=422, 1201, 612, 289
t583=990, 964, 124
t584=1024, 987, 1163, 13, 647, 125, 668, 459, 364, 822, 341
t585=325, 244, 629
t586=951, 936, 371
t587=325, 318, 546, 463
t588=594, 81
t589=129, 360, 497, 663
t590=67, 1202, 88, 150, 488, 248, 764, 529, 359, 183, 363, 158, 834
t591=737, 568, 89, 746, 833
t592=783, 469, 955, 931, 1013, 144
t593=1233, 1115, 708, 343, 628, 556, 182, 1016, 1110
t594=1016, 1203, 318
t595=1235, 255
t596=935, 411, 1074, 420
t597=971, 811, 139
t598=591, 119, 482
t599=691, 4, 1185
t600=832, 865
t601=533, 507, 1037, 71, 369, 658
t602=523, 772, 1209
t603=366, 390
t604=240
t605=577, 1142, 313, 286, 752
t606=581, 151, 201, 786, 422
t607=660, 356, 305, 761, 1166, 1222
t608=105, 918
t609=1176
t610=1085, 100, 1007
t611=219, 1166, 345, 755
t612=698
t613=812, 475, 1228, 783, 673, 1148, 1150, 998, 255, 1089
t614=339, 585, 690
t615=764, 611, 1161
t616=621, 610, 829
t617=728, 748, 183
t618=675, 877
t619=1143, 396, 705, 324
t620=972
t621=810, 159, 1149, 254, 1146
t622=857, 420, 377, 359, 690, 1144, 302, 285, 663
t623=597, 916, 943, 634, 973, 736, 214, 1150, 587
t624=940
t625=339, 688, 499, 952, 891
t626=820, 921
t627=648, 1132, 958, 209, 161, 189, 806, 931, 545, 298, 354, 1234, 613, 409, 928, 700
t628=1067, 529, 320, 885, 835, 805, 865
t629=1024, 309
t630=1110, 503, 764, 773
t631=947, 816
t632=662, 648, 385, 638, 286
t633=144, 465, 171, 1097, 661
t634=426, 1063
t635=408, 199, 1172, 393, 246
t636=823, 88, 992
t637=813, 1043, 648, 896, 772
t638=132, 1210, 104
t639=1112, 735, 338, 994, 594, 503, 1224, 920
t640=118, 97
t641=623, 451, 1206
t642=758, 849, 322, 774
t643=1228
t644=528, 535, 97
t645=1103, 1157
t646=397, 976, 575, 686, 1040, 753, 15, 274, 499
t647=269, 351
t648=1233, 130, 63
t649=841, 288, 1047
t650=982, 122, 544, 765, 137, 515, 1148, 67, 645
t651=924, 315, 1090, 873, 768, 146
t652=1122
t653=459, 928, 191
t654=361, 543, 1014
t655=745, 616, 1080, 1035
t656=839, 236, 562
t657=352
t658=843, 596, 459, 675, 1147, 1099, 361
t659=578, 518, 503
t660=508
t661=562, 484, 620, 1159, 167, 664
t662=537, 1219
t663=730, 366, 833, 1110, 628, 83, 717, 1035, 470, 578, 898, 963, 111
t664=849, 1185, 264, 1203, 903, 1094
t665=653, 674, 374, 790, 470, 1134
t666=598, 98
t667=695, 1144
t668=387, 770, 673, 987, 225, 429, 734, 492
t669=55
t670=681, 661
t671=1085, 402, 917, 1165, 231, 945
t672=543, 786
t673=465, 461, 334, 785, 222, 759, 888
t674=364, 589, 873, 444
t675=918, 274
t676=360, 1028, 839, 453
t677=432
t678=911, 954, 79, 269, 736
t679=119, 727
t680=653, 787, 657
t681=601, 1103, 641, 429, 678, 689, 1209, 185, 773, 1233
t682=784, 309, 501, 196
t683=664
t684=508
t685=1168, 844, 133, 960
t686=730, 1056, 672, 527, 432
t687=419, 676
t688=159, 1117, 191
t689=952
t690=443, 763, 934, 559, 914
t691=1114, 1189, 801, 623, 189, 392, 709, 411, 548, 455, 381, 1024
t692=1199, 103
t693=292, 944, 65
t694=1085, 1222
t695=471, 148, 5, 155, 487, 682, 1226, 525, 355, 559, 1161, 1023
t696=137, 1040, 892, 890
t697=1153, 1207
t698=567, 238, 97, 493, 276, 255
t699=882, 1033, 614, 670
t700=325, 166, 148, 590
t701=918
t702=101
t703=349
t704=993, 405, 271, 986
t705=180
t706=606, 709, 109, 467, 962
t707=1165, 824, 138, 517
t708=569
t709=116, 481, 152, 588
t710=565
t711=1132, 1105
t712=730, 452
t713=286, 1079, 561
t714=857, 512, 982, 469, 406, 152
t715=1185
t716=294, 1227, 51
t717=956, 577, 897, 333
t718=923, 411, 648, 603
t719=363, 679, 370, 1158, 1148
t720=818, 205
t721=947, 198, 354, 188, 1014, 1030, 134
t722=192
t723=770, 120, 1133
t724=1112
t725=827, 823, 111, 605, 288, 348
t726=1237, 385
t727=286, 1095
t728=840
t729=1130, 872
t730=362, 140
t731=785
t732=1154, 278, 1047, 315, 1106, 362, 850, 830, 335, 847, 1083, 1023
t733=846, 477
t734=824, 204, 731, 738, 881, 669
t735=564, 128
t736=590, 77, 982, 1117
t737=557, 648, 398
t738=525, 124, 987, 322, 1010
t739=442, 78, 398, 390, 176, 622, 883, 607, 230, 586, 692, 278, 1153, 985, 226, 293, 1070, 16, 569, 1104, 956
t740=586, 442, 413, 654
t741=448
t742=75, 235, 1067
t743=1214, 100
t744=193
t745=609, 732, 805, 882, 352
t746=1235, 497
t747=736, 1236, 342, 219
t748=452, 840, 181, 66, 1120, 1198, 870, 754
t749=263, 294, 325
t750=865, 290
t751=474, 692, 502
t752=1000, 638
t753=274, 982
t754=294, 1028
t755=663, 751, 182
t756=470
t757=342, 404, 982, 732, 307, 1191, 934
t758=250, 1012
t759=999
t760=398, 1021
t761=715
t762=26
t763=123, 380
t764=737
t765=626, 850
t766=316, 1090
t767=558, 603
t768=180
t769=1226
t770=690
t771=817
t772=158, 111
t773=1170, 886
t774=377
t775=1042
t776=921
t777=261, 686, 355
t778=822
t779=602, 72
t780=803, 1190
t781=234, 411, 335, 384, 1112
t782=860, 204, 359, 331, 430, 775
t783=1060
t784=807, 918
t785=906, 56, 765, 370
t786=775, 529
t787=1221, 478, 889, 1232, 313, 1163, 714, 1205
t788=306
t789=319, 225, 145
t790=240
t791=1050, 903, 619, 419, 1171, 1193
t792=791, 758
t793=1058, 1196, 1164, 1198, 673
t794=1064, 393
t795=699
t796=1221, 572, 987, 633, 361, 622, 63
t797=947, 785, 1234, 296
t798=997, 813, 71, 483, 1078, 241
t799=514, 315, 590, 575, 855, 825
t800=656, 79
t801=519, 552, 1098, 845, 103, 1228, 874
t802=1221, 918
t803=391, 725, 249, 63
t804=945, 679, 70, 96
t805=1224, 245
t806=281, 282
t807=848, 1206, 913, 215
t808=1108, 760
t809=493, 1020, 795, 295, 1089, 125
t810=1132
t811=983, 583
t812=942, 323
t813=951, 503
t814=669
t815=1094, 1003, 1125, 606
t816=764, 972, 1215, 534
t817=720, 490
t818=766, 720, 637, 269, 135, 686
t819=1175, 203, 124, 566, 965, 598, 280
t820=511, 1169, 82
t821=652, 648
t822=1198, 97
t823=1084, 268, 284
t824=764, 850, 962
t825=143, 611, 241, 747
t826=789, 9, 1233, 163, 775
t827=79, 643
t828=199, 690, 234, 470
t829=435, 988
t830=476
t831=65, 726, 1183, 303
t832=1230
t833=553, 386
t834=600
t835=275, 830, 570, 731
t836=648, 1059, 878, 1042, 682, 314
t837=510, 728
t838=485
t839=493, 441, 379, 83, 964, 411, 766, 278, 327, 230, 65, 520, 987
t840=397, 536, 474, 1170, 920
t841=1080, 604, 48, 390
t842=676
t843=991, 255, 114, 144
t844=721, 215, 1118
t845=809, 277, 320
t846=493, 594, 865
t847=399, 235, 841, 791, 353, 222, 134
t848=1168, 434
t849=470, 333, 904, 1045, 259
t850=443, 406, 939, 1076, 255
t851=1048, 763
t852=199, 1037, 845, 640, 590, 748, 379, 1193, 187, 1188, 908, 542, 790, 575, 608, 647
t853=282, 331, 132
t854=971, 1027, 313, 658
t855=1222, 447, 553, 99, 430
t856=934, 883, 988, 608
t857=214, 64, 852, 584, 1056, 934, 813, 124, 594
t858=616, 429, 872, 886, 141
t859=125, 338
t860=819
t861=151
t862=400, 1135, 231, 802
t863=1041, 739, 616, 382
t864=980, 763, 673
t865=856, 467
t866=835, 599, 927, 535, 664
t867=340, 434, 1001, 932, 166
t868=1005, 1174, 716, 1219, 784, 1218, 137
t869=653
t870=766, 248, 732, 140
t871=127, 667
t872=73, 1199, 804, 585, 310, 694, 1048, 784, 137, 976, 1153, 914, 551, 680, 711, 405, 590, 408
t873=875, 945, 609
t874=628, 1126
t875=65, 882, 837, 1184, 398
t876=921, 544, 789, 807, 1059
t877=470, 404, 257, 248
t878=968, 608
t879=975, 575, 37, 125, 555, 100
t880=209, 1101, 277, 819, 221
t881=573, 1085, 120, 584, 301, 913, 205
t882=119, 592
t883=503, 1195
t884=578, 1201, 407
t885=596
t886=945
t887=994, 340
t888=619, 502, 534, 544, 580
t889=644, 242
t890=686, 532
t891=624, 447, 1114, 409, 544, 121, 326
t892=314, 754, 773, 509, 79
t893=282, 191, 311
t894=1073
t895=189, 567
t896=947, 952, 973, 930, 642
t897=880, 385
t898=183, 304
t899=265
t900=594, 635, 820, 646, 1138
t901=334, 578, 218
t902=211, 124, 54, 40, 743, 162, 488
t903=958, 1190, 534, 1159, 842, 432, 1228, 79, 1193
t904=334
t905=816, 77, 346
t906=956, 703, 1155, 124
t907=791, 410
t908=254
t909=931, 847, 856, 861
t910=1088, 706, 233
t911=371, 748
t912=183, 424
t913=951, 982, 397, 199, 1019, 793, 626, 288, 829
t914=200, 879
t915=1182, 1000, 427, 1030, 173, 840
t916=353, 473
t917=842, 697, 821, 662, 505, 546, 459, 875, 627, 198, 276, 947
t918=1119
t919=1023, 503, 1083
t920=646, 1107, 751, 408, 345, 874, 1025, 292
t921=1065, 246, 698, 941, 1191, 406, 937, 761, 210
t922=188, 755, 90
t923=155, 482
t924=132, 14
t925=380, 1164
t926=143, 1116, 215, 859
t927=841, 124, 1168, 884, 269, 358, 991, 248, 404
t928=542, 308, 1050, 1169
t929=970, 1056, 1115, 93
t930=707, 1225, 147, 117, 254, 713
t931=459, 411
t932=1028, 728, 941, 917
t933=313, 594, 235, 600
t934=544, 974, 283
t935=293, 534, 1143, 411, 486, 274, 1086
t936=268
t937=178, 293
t938=1155, 360
t939=602, 155
t940=1090, 722
t941=1159, 454, 1195, 107, 939, 340
t942=107, 886
t943=246
t944=806, 640, 133
t945=1064, 120
t946=959, 244, 1085
t947=372, 558
t948=675, 451
t949=453, 795, 1028, 202
t950=163, 1177, 1129, 128, 276
t951=286, 1221, 677, 196, 1073
t952=1142, 155, 419, 993, 1233, 1048
t953=46
t954=778, 1135
t955=292, 723, 450, 1085, 137, 686, 344
t956=617, 849
t957=1166, 896
t958=1153, 825, 428
t959=791, 418, 519, 875, 736, 328, 60, 65, 79, 66, 821, 470, 130, 329
t960=87, 877, 210, 431, 941, 567, 722, 1129, 105, 1158, 665, 1013, 714, 499, 355
t961=83, 617, 925, 1068, 260, 230, 193, 1092, 544, 663, 375, 1039
t962=982
t963=376, 1124, 205
t964=1073, 239, 1163
t965=701
t966=726
t967=319, 275
t968=442, 673
t969=939, 264, 858, 512, 719, 3, 58
t970=924, 683, 927, 946
t971=614, 706, 216
t972=234
t973=527
t974=561, 160
t975=499
t976=988, 176, 590, 1077
t977=605
t978=613
t979=740
t980=421, 120, 503
t981=310, 1016
t982=215, 669, 165, 1024, 885, 377
t983=369, 1099, 381, 1213
t984=687
t985=227, 704
t986=801, 812
t987=1172, 260
t988=574, 970
t989=115
t990=915, 911
t991=848, 841
t992=505, 1015, 873
t993=248, 942
t994=255
t995=41, 654, 892, 725, 780, 966
t996=615
t997=463, 315, 911
t998=180, 866, 432, 551, 809, 695, 666, 360, 1192, 981, 181, 549, 1222, 141
t999=742
t1000=161
t1001=87, 686, 871, 538
t1002=739, 599, 665, 545, 1217, 816
t1003=590, 838
t1004=311, 1199, 319, 500, 1136, 1068, 278, 614, 721, 949, 1057, 590
t1005=1088, 192
t1006=181, 671, 70, 714
t1007=449, 745, 361, 624, 1224, 738, 544, 852, 557, 1213, 853
t1008=1158, 355
t1009=798, 1126
t1010=1108, 264
t1011=221, 297, 821, 107, 848, 882
t1012=264
t1013=399, 180
t1014=356, 846
t1015=717
t1016=283
t1017=831
t1018=834, 228, 895, 1215, 137, 617, 250, 506
t1019=1087, 1031
t1020=1186
t1021=519, 288, 209, 462, 648
t1022=139
t1023=380, 495, 784, 374, 283, 611
t1024=441, 119
t1025=451, 781
t1026=768, 1228, 6, 306, 299
t1027=991, 322
t1028=199, 982, 543, 113, 1091, 594, 119
t1029=247
t1030=764, 260, 813
t1031=154, 272
t1032=924, 359, 1076, 63, 880, 64
t1033=293
t1034=225
t1035=566
t1036=735, 328
t1037=406, 270, 252
t1038=541, 385, 493, 688, 133
t1039=74, 895, 609
t1040=1085, 455
t1041=502, 147
t1042=680, 254, 548, 1187
t1043=479, 1109, 979, 850, 503, 219, 702
t1044=368, 653
t1045=1087, 1198, 1034, 376
t1046=841
t1047=484, 493, 1067, 660, 114
t1048=919, 1038, 594
t1049=72, 600, 726, 1022, 990, 1136
t1050=674, 649, 2
t1051=153
t1052=349, 1175
t1053=775, 661
t1054=293, 683, 865, 901, 755, 818, 167, 857, 730, 265, 587, 564
t1055=369, 916, 440, 714
t1056=244, 1087, 1222
t1057=892, 650
t1058=273, 186, 1002
t1059=928
t1060=1086, 450, 157, 17
t1061=309, 412
t1062=358
t1063=556
t1064=747
t1065=820, 116, 319, 144, 1103, 684, 1027
t1066=144, 1143
t1067=665, 114
t1068=1057, 1231, 724, 253, 129, 1153, 188, 950, 631
t1069=162, 1237, 255
t1070=854, 726, 818, 1233, 999
t1071=351, 175, 269, 280, 1027, 933, 251
t1072=652, 552, 90
t1073=1059, 119, 115
t1074=1056, 933, 310, 453, 903, 1026, 860
t1075=1012, 877
t1076=72, 551, 901
t1077=1108, 739, 169, 398, 789
t1078=251, 310, 162, 1137, 1174, 1000, 1219, 1212, 732, 1222, 709, 358
t1079=165, 307, 751
t1080=75, 287, 668, 425
t1081=773, 926
t1082=747, 1203, 676, 1067, 167, 326
t1083=1005, 784, 1150, 503, 305, 94
t1084=413, 409, 196, 683, 698, 773
t1085=124
t1086=452, 866, 941, 193
t1087=734, 101, 791
t1088=1113, 535, 1172, 958, 137, 1030, 381
t1089=487, 143, 431, 801
t1090=286, 293
t1091=247, 1173, 1047, 1021, 1010
t1092=299, 1053, 460, 127, 223, 87, 500
t1093=66
t1094=36, 308, 450, 696, 648, 756
t1095=361, 1207, 314
t1096=388, 366, 615, 274, 133
t1097=263, 575, 428, 161, 301, 862, 802
t1098=643, 239, 144, 1217
t1099=77, 1229
t1100=744, 414
t1101=193, 602, 239, 811, 841, 798, 93, 1049, 472
t1102=700, 569
t1103=606
t1104=633, 460
t1105=704, 1002, 1177
t1106=487, 106
t1107=1001, 957
t1108=855, 1101
t1109=80, 68
t1110=291, 673
t1111=968, 418, 12, 425, 724
t1112=450, 605, 836, 1215, 930
t1113=254, 917, 249, 401, 410, 427
t1114=175
t1115=906, 530, 102, 982, 305
t1116=1018, 629, 777, 673
t1117=1219, 136, 355, 926, 660, 703, 43
t1118=498, 341, 651, 724, 84
t1119=902
t1120=913, 434, 774, 584, 765, 380, 1060, 715, 332, 376
t1121=684, 206, 1095
t1122=1071, 799
t1123=1034, 857, 145, 190, 985, 382, 1018, 287, 770, 168, 961, 669, 188, 278
t1124=242, 503, 1062
t1125=615, 928
t1126=1148, 337, 729
t1127=1234, 1100
t1128=201, 578, 1199
t1129=476, 1030, 491, 967, 359, 910
t1130=757
t1131=498, 180, 223
t1132=288
t1133=1219, 811
t1134=795, 575, 812
t1135=864, 379, 440, 860, 177
t1136=674, 72
t1137=185, 306, 631
t1138=784, 629, 615
t1139=244, 157, 150, 170, 1167, 243
t1140=890, 281, 407
t1141=721, 1236, 1207, 234
t1142=814, 416, 1175
t1143=421, 425, 750
t1144=482, 904
t1145=582, 1223
t1146=326, 424, 166
t1147=593, 628, 1148
t1148=546, 194, 1112, 66
t1149=245, 1067, 1152
t1150=435, 1090, 1008, 331
t1151=382, 1084, 1151
t1152=837, 267
t1153=153, 574
t1154=567, 503
t1155=1019, 592, 464, 202, 1063, 162, 960
t1156=1022, 1167, 1104
t1157=872, 1161, 965
t1158=400, 469, 393, 600
t1159=1131, 366, 395
t1160=539, 784
t1161=638, 248
t1162=868, 913, 203
t1163=328, 194, 1136, 110
t1164=972, 438, 813, 124, 119, 554, 279, 1017, 193, 585
t1165=958
t1166=1137, 780, 503, 119, 1023, 1020, 625, 640, 1160
t1167=871, 927, 984, 288, 541, 503, 1041
t1168=750, 97
t1169=951, 452
t1170=90, 964, 180, 1038
t1171=403, 1229
t1172=1080, 539, 1072
t1173=682, 503
t1174=80, 73, 119
t1175=614, 982, 1070, 1062, 724, 636, 432, 1098
t1176=588
t1177=949, 517
t1178=849
t1179=999, 750
t1180=1147, 406, 350
t1181=305, 673
t1182=983, 1175, 1066
t1183=848
t1184=133, 933, 255
t1185=389, 346, 915
t1186=1129, 590, 645, 213, 1013, 509, 180, 179
t1187=905
t1188=363, 1112, 516, 151, 695, 802, 1110, 933
t1189=945, 613, 1226, 967, 776, 680, 1220, 648
t1190=449, 117, 910
t1191=180, 595, 88, 385, 562, 149, 635, 183, 1052, 560
t1192=92, 413, 1073
t1193=942, 292, 377, 655, 642, 921, 419, 1131
t1194=543, 493, 837, 1046, 882, 776, 553, 872
t1195=695, 560, 95, 823, 1210
t1196=259, 754, 291, 458
t1197=987, 1027, 732, 437, 1028, 431
t1198=674, 1160, 217, 279, 424, 1011
t1199=419, 1206, 876
t1200=299, 755, 239
t1201=1207, 1060, 966, 1219, 1042, 1088, 995, 83, 627
t1202=1164
t1203=180, 1156, 730, 1192
t1204=833, 971
t1205=522, 1057, 89, 180, 1151, 110
t1206=1233, 640, 161, 782, 125
t1207=241, 441, 1190, 913, 255, 383
t1208=366, 470, 356, 1070, 1004, 553, 686, 278, 1211
t1209=326, 645, 714, 519, 982, 8, 810, 224, 380, 1010, 184, 747
t1210=84, 502, 396, 480
t1211=236, 556
t1212=231
t1213=140, 699, 568, 493, 881, 634, 1025
t1214=1087, 363, 86
t1215=1010, 334
t1216=1, 706
t1217=1153, 995, 629, 826
t1218=21, 1013, 1181, 45, 694, 446, 464, 259
t1219=89, 844, 573, 1125, 806, 112
t1220=1186
t1221=1192, 1181
t1222=367, 267, 553
t1223=1214, 1133, 649, 961, 163, 474, 156, 556, 913
t1224=367, 210, 948
t1225=739, 1197, 526
t1226=175, 709
t1227=1080, 971
t1228=72, 312, 697
t1229=616, 857
t1230=1087, 542, 211, 601
t1231=283, 575
t1232=154, 272, 594, 401, 765
t1233=1070, 288
t1234=118, 901, 177, 228
t1235=1167, 1052, 98, 682
t1236=460, 254
t1237=125, 1045, 175, 569
t1238=415, 819, 517
t1239=718
t1240=72, 1216, 290, 91, 1031
t1241=740, 1108, 200
t1242=772, 717, 758
t1243=219, 1157, 232, 1130, 661, 1030, 158, 174, 574
t1244=970
t1245=118, 878
t1246=433, 490, 555, 410, 904, 1078
t1247=113, 398, 430, 890
t1248=432
t1249=874, 407
t1250=1010, 426, 1039
t1251=615, 667, 969, 889, 117, 1042, 959
t1252=1069, 470
t1253=703, 1124, 35, 72, 1042, 705, 719, 279
t1254=561
t1255=1098, 182, 912, 113, 929, 70, 1023, 99, 864
t1256=152, 130
t1257=74, 783, 608
t1258=511, 1047, 1221, 466, 880
t1259=308, 80
t1260=871, 981, 210, 159
t1261=1106, 1139, 72, 1045, 1147, 88
t1262=856, 651, 900, 428, 572, 897, 24
t1263=448
t1264=433
t1265=157, 574
t1266=903, 882, 485, 786, 1162, 648
t1267=304, 800, 584
t1268=1156, 846, 939
t1269=813
t1270=890, 1048
t1271=725, 820
t1272=579, 198, 318, 360
t1273=239, 863, 971, 516, 840
t1274=805, 684, 23, 586, 1158, 96, 660, 792, 1090
t1275=650, 169, 71
t1276=570, 72, 539, 10
t1277=898
t1278=957, 418, 1105
t1279=952, 248, 28
t1280=996, 670
t1281=716, 477, 321, 613
t1282=1185
t1283=329, 951
t1284=636, 777
t1285=439, 523
t1286=1140, 302, 186
t1287=628, 754, 1109
t1288=1081, 177, 525, 332
t1289=899, 521, 483, 251
t1290=229, 711, 268, 553, 152, 218, 1157, 594
t1291=1128, 795, 1168, 412, 1140, 869, 1017
t1292=514, 418, 30, 880
t1293=358, 969, 582, 386, 701, 1018, 1012, 553, 233
t1294=318, 757, 982, 202, 696, 374
t1295=31
t1296=316, 1184, 490
t1297=561, 683, 800, 903, 608
t1298=769
t1299=116, 1230, 230
t1300=974, 189, 237, 1036, 503, 825
t1301=1169, 1134
t1302=745, 294
t1303=910, 583, 347, 235, 998
t1304=991
t1305=870, 1099
t1306=1113, 859, 699
t1307=1110, 157, 574
t1308=940, 964
t1309=573, 568
t1310=517, 783, 1217
t1311=918, 495, 1116
t1312=320, 336
t1313=1007, 793
t1314=740, 841, 232
t1315=301, 661, 755
t1316=1171
t1317=1116, 614, 989
t1318=322, 602, 437, 1113
t1319=545, 934, 669, 995, 457, 382, 567
t1320=672, 773, 1186, 234, 1026
t1321=278, 1010, 65
t1322=294, 400
t1323=121, 993, 848
t1324=123, 198
t1325=812, 755, 614, 400, 349
t1326=1079, 564, 572, 839, 1020
t1327=725, 843, 997, 1205
t1328=110
t1329=372, 1197
t1330=1125
t1331=1207, 937, 941
t1332=1153, 1134, 1129, 277, 417, 1207
t1333=630, 674, 1065, 1084
t1334=1067
t1335=137, 925, 1236, 128
t1336=468, 381
t1337=349, 240, 148, 129, 1070
t1338=283, 1175, 656, 318, 820, 432, 934
t1339=702, 586
t1340=947, 552, 543, 321, 319, 1057, 154
t1341=295, 130
t1342=422, 383
t1343=539, 908, 1199, 714, 898
t1344=195, 109, 1205
t1345=595, 577, 587, 74, 1073, 1102, 488, 94
t1346=882, 764, 540
t1347=714, 362
t1348=734
t1349=208, 808, 138, 316, 189
t1350=966
t1351=1143, 481, 907, 826, 299
t1352=490, 372
t1353=938, 528, 169
t1354=650, 92, 965, 1054, 113, 165, 531, 394
t1355=529
t1356=144, 1203
t1357=1195, 187
t1358=535
t1359=820, 803
t1360=1056, 619, 1111, 663, 1121, 71
t1361=397, 1057, 606, 639, 1147
t1362=257, 133, 988
t1363=403, 670, 216, 470, 344, 779, 297
t1364=1167, 824
t1365=970, 540, 742
t1366=913
t1367=1159, 322, 1006, 469, 170, 1173
t1368=696, 865, 741, 604, 86
t1369=700, 1117
t1370=760, 1161, 234, 571, 184
t1371=474, 630, 172, 873, 604
t1372=660
t1373=893
t1374=718, 547
t1375=1156, 999, 465, 443, 364, 890
t1376=1193, 1001
t1377=1046, 694, 398, 918
t1378=995, 985, 471, 173, 141, 248
t1379=578, 87
t1380=271, 878
t1381=171, 398
t1382=1111, 913, 380, 883, 648
t1383=684, 704, 1210
t1384=784, 771
t1385=1086, 137
t1386=468, 493
t1387=95, 709, 676
t1388=670, 835, 1181, 29
t1389=1085, 343
t1390=841, 763, 914
t1391=622, 806
t1392=862, 206, 490
t1393=1017, 1016
t1394=893, 332, 313, 602, 883
t1395=394, 167, 844, 654
t1396=254, 612, 900, 1049, 1153, 807, 500, 129
t1397=577, 459
t1398=982, 824, 739, 255, 1012
t1399=577, 81, 1115
t1400=122, 1146
t1401=137, 378, 387
t1402=575, 271, 283, 84, 108
t1403=1025, 149
t1404=617, 908
t1405=955, 856, 591, 47, 1120, 112, 519, 648, 656, 524, 509, 476, 280
t1406=342, 76
t1407=923, 594
t1408=235, 1100
t1409=1092, 804
t1410=273, 816, 648, 1084, 773, 292, 509, 725, 1118, 965, 83
t1411=680, 704
t1412=295
t1413=467
t1414=1002, 459
t1415=39
t1416=718
t1417=1221, 916, 149, 423
t1418=988, 762
t1419=1129, 737, 552, 391, 788, 124, 1044, 930, 817, 898
t1420=406, 1028
t1421=1121
t1422=255
t1423=846, 959, 773, 492, 977
t1424=911, 363
t1425=1013, 220
t1426=1066, 467, 631, 154, 953
t1427=602, 965
t1428=499, 515
t1429=871, 154, 1185
t1430=273, 173
t1431=334, 954
t1432=665, 681, 751, 717, 431, 463, 655
t1433=317, 380
t1434=1144, 866, 124, 581, 1060, 773
t1435=823, 119, 1168
t1436=502, 452, 451
t1437=898, 560, 120
t1438=1013, 474, 873
t1439=353, 833
t1440=253, 1027
t1441=673, 468, 405
t1442=838, 787, 546
t1443=1123, 789, 1010, 1220
t1444=325
t1445=274
t1446=693, 135, 564, 125
t1447=360, 255
t1448=753, 53, 1059, 87, 365, 499, 358, 1063
t1449=604, 222
t1450=501, 312
t1451=606
t1452=212, 1107, 247, 778, 268, 947
t1453=730, 69, 931
t1454=217, 815, 763, 1073, 949, 513, 1024, 574, 594
t1455=977, 689, 1165, 367
t1456=1007, 859
t1457=204, 209, 656, 76
t1458=72, 753, 1085, 955
t1459=255, 844, 1009
t1460=381, 966, 649, 463
t1461=1148
t1462=596, 1060
t1463=1178, 1005
t1464=116, 175, 995, 557, 461, 813, 1130, 629, 877, 967
t1465=1183, 475, 102, 503, 565, 936, 916
t1466=126, 1235, 933, 660, 629
t1467=350, 216, 884, 784, 145, 802, 516
