totalreqs = 1237
totaltest = 1467
//------------------------------------//
// Test Case Versus Requirements Maps //
//------------------------------------//
t1=705, 288, 621, 755
t2=815, 126, 569, 594, 1089, 1163, 869, 868, 293, 909, 993
t3=1112, 817, 658, 902, 839
t4=421, 290, 1050
t5=405, 755, 1009, 971, 1167, 749
t6=89, 710, 750
t7=853, 703
t8=426, 1163, 283, 823, 28
t9=112
t10=1150, 1105, 479, 563, 774, 854, 256
t11=924, 444, 907, 875
t12=153, 1040, 1118
t13=220, 681, 883, 293, 739
t14=191, 481
t15=460, 956, 115, 350, 783
t16=66, 1116, 84, 730
t17=407, 334, 460, 747, 1028, 215, 1061
t18=1227
t19=1165, 1049
t20=748, 327, 629
t21=897, 424
t22=325, 634, 969
t23=648, 337, 554, 112, 227
t24=1064, 987, 890, 769, 837, 798, 352
t25=423
t26=1021, 246, 250, 922, 1037, 277, 1031, 912, 1024
t27=1007
t28=770
t29=337
t30=124, 336, 1037, 1112
t31=1123, 451
t32=118, 581
t33=274, 1141
t34=319, 695, 963, 973
t35=671, 120, 881, 745
t36=590, 264
t37=814, 1116
t38=1060
t39=668, 1182, 16
t40=703, 940, 342
t41=483, 802, 940, 107, 86
t42=416, 1002
t43=818, 129, 956, 152
t44=302
t45=1108, 938, 1067, 521, 372, 1203
t46=613
t47=507, 497, 1078
t48=308, 1010, 966
t49=401, 402
t50=768, 540
t51=226, 296, 1009, 637, 710, 1231
t52=422
t53=565, 331
t54=931, 208, 230, 116, 724, 291
t55=131, 1167, 276, 313, 713, 539, 286, 114, 125, 345, 1199, 134, 862, 335, 973, 694, 327, 708, 130, 772, 1137, 882, 450, 619, 629, 341, 996, 1223, 237, 644, 601, 1191, 422, 336, 424, 1012, 696
t56=1004, 323
t57=555, 350
t58=1007, 755, 507
t59=888, 1061
t60=165, 279
t61=513, 522, 327, 688, 1037, 819, 498, 70, 614
t62=225
t63=1188, 874, 462
t64=316, 953
t65=701
t66=726, 1045, 832
t67=400, 901
t68=313, 1235, 524, 972
t69=57, 1037
t70=873, 251, 1065, 1071, 937, 1101, 237, 379
t71=300
t72=147
t73=854, 770
t74=320, 159, 867
t75=756, 660, 318, 590, 872, 574
t76=408, 583
t77=839
t78=840, 306, 1203, 1096, 600
t79=756, 940, 855
t80=637, 966, 491
t81=865, 471
t82=277, 379, 355, 543, 873, 1182, 259, 651, 954
t83=413, 510, 855, 492
t84=566, 1031, 392, 745
t85=1065, 257
t86=1075, 93, 512, 811, 1033, 90
t87=384, 738
t88=689, 808, 915
t89=262
t90=964, 1073, 708, 552, 697
t91=821
t92=299, 319, 1228
t93=219, 521, 198, 566, 341
t94=622
t95=327, 59, 154, 965, 979
t96=199, 255
t97=276, 233, 577, 61, 581, 268
t98=700, 864
t99=93, 1126
t100=679
t101=884, 1022
t102=768, 1081
t103=254, 366, 881
t104=315, 1010, 363, 1129
t105=1176, 767, 284, 911, 791
t106=869
t107=972, 857, 868
t108=657, 441, 407, 647, 867, 446, 144, 277
t109=149, 280
t110=442, 912, 562
t111=108, 163
t112=519, 1087, 197, 550
t113=371, 461, 1123, 1220, 1168, 1185
t114=813, 347, 284, 1120, 1000, 809, 955
t115=161, 701
t116=785, 270, 1050, 454
t117=140, 541
t118=205, 987, 956
t119=243, 668
t120=1035, 298, 631, 1062, 505, 728
t121=1078
t122=853, 1037, 855
t123=919, 1025, 228
t124=607
t125=181, 710, 955, 642, 165, 860
t126=441, 170, 675
t127=164
t128=977, 411
t129=945, 665, 739, 370
t130=246, 362
t131=375
t132=788, 232
t133=414, 788
t134=311, 1187, 1107, 514, 1102, 1204
t135=1014, 594, 1206
t136=464, 802, 606
t137=726, 845, 1040, 154, 577, 64, 619, 819, 760, 1076, 398, 1011, 89, 403, 326, 1103, 67, 432
t138=441
t139=617, 783
t140=1076, 816, 319, 807, 601, 484
t141=1170, 673, 88, 835, 770
t142=1053, 915, 994, 462, 1015, 406, 688, 442, 609
t143=703, 725, 47, 508, 547
t144=1051, 110, 273
t145=83, 577, 431, 466, 920, 472
t146=301, 976, 648, 994
t147=1050, 913, 645, 333, 337, 1195, 424, 759
t148=151, 145, 100, 517, 869, 815, 674
t149=602, 107
t150=787, 725
t151=556, 991, 277
t152=503, 1092, 652, 535, 450, 631, 1168, 115, 636, 343, 226
t153=811, 326, 600, 389, 762
t154=755, 183
t155=402, 298
t156=645, 983, 909, 926, 656
t157=136, 881, 931, 804
t158=825
t159=665, 1075
t160=927
t161=549, 773
t162=111
t163=233, 549
t164=98
t165=778, 290
t166=94, 788, 830, 1222
t167=82, 1056, 1176
t168=110, 1007
t169=279, 1017, 983, 250
t170=650, 1007, 248
t171=713
t172=63, 848, 905, 106, 894, 546
t173=320, 111, 945
t174=941, 231, 1202, 778, 143, 202, 857, 339, 1162
t175=629
t176=867, 1149, 223, 593, 204
t177=845, 1229, 877, 1122
t178=946, 674, 945, 344
t179=314, 157, 63, 646, 516, 837, 858
t180=380, 999
t181=945, 298
t182=432, 504, 347, 118, 1056
t183=205, 1162, 238, 260
t184=409
t185=878
t186=315, 391, 830, 1027
t187=703, 619
t188=494, 808, 284
t189=596, 953
t190=459, 301, 34
t191=1201, 861
t192=853, 873
t193=589, 652, 804
t194=277, 1141, 301, 1038
t195=605, 187, 1117, 884
t196=742, 1102
t197=1101, 140, 396, 448, 1186, 1063, 591, 250, 608, 966
t198=422, 917, 686, 187
t199=590, 610, 1164, 143
t200=1129
t201=775, 401, 571, 1037
t202=277, 707, 505, 887, 857, 1159, 1123, 593, 912
t203=162, 588
t204=523, 840, 447, 1081, 597, 982, 95, 299
t205=1152
t206=130, 665
t207=190, 784
t208=422, 1050
t209=3, 1106, 716, 771, 812
t210=413, 1052, 450, 31
t211=566
t212=1170, 460, 962
t213=783, 584
t214=1209
t215=1170, 621, 180
t216=153, 571, 1026, 286
t217=972, 194
t218=1168, 888, 554, 1101, 436
t219=1176, 416, 637
t220=678, 661
t221=793
t222=259, 1064
t223=109, 875, 1114, 147
t224=970, 307
t225=72
t226=698, 223, 633
t227=319, 558, 635
t228=1109, 337, 522, 119
t229=1067, 698, 187, 613
t230=334, 1130, 70
t231=618, 362, 235, 923
t232=533, 102, 1158, 127, 744
t233=167, 543, 1122, 739, 731, 972, 111, 1094
t234=1181, 647, 813, 841, 582
t235=718, 148, 806
t236=261, 393, 676
t237=441
t238=1164
t239=108, 198, 151
t240=622, 282, 521, 491, 542
t241=1110, 839, 348, 269, 1179, 386, 1142, 469
t242=303
t243=1229, 1141
t244=663, 1104
t245=768, 1010, 169
t246=855, 595, 818, 506, 385, 41
t247=1136, 197, 693
t248=76
t249=736, 842
t250=1162, 940
t251=1143
t252=983, 36, 873
t253=607, 805, 913, 431, 292
t254=1178, 514
t255=954, 113
t256=38, 412, 1192, 720, 326, 909, 1200, 530
t257=320, 445
t258=1210, 1071
t259=408, 244, 296, 171
t260=281
t261=360, 576
t262=1097, 562
t263=1108, 447, 1039, 959, 1091, 932, 796, 1116
t264=567, 747, 98, 215, 296, 855, 982, 824
t265=1008, 1007, 114, 229, 880, 1134, 838, 600, 984, 312, 234
t266=722
t267=390, 761
t268=175, 378, 498, 371, 1007, 502, 896, 623
t269=1099
t270=497, 1060
t271=285, 513, 159, 1078, 280
t272=400
t273=758
t274=467
t275=404, 786
t276=879, 681, 1108
t277=614
t278=504, 1191
t279=427
t280=960
t281=85, 1182
t282=781, 988
t283=198, 46, 1217, 126
t284=731, 687
t285=832, 422, 76, 467, 955
t286=801, 710, 1099
t287=315, 321, 206
t288=585, 331, 1132, 1021, 560, 1043, 649, 222
t289=435, 292, 1142, 1030, 284, 362, 955
t290=337, 922, 632, 748
t291=514, 590, 649
t292=923, 700
t293=659, 300, 483
t294=832, 1203
t295=328, 55, 616, 642, 553, 1237, 1195, 106
t296=72, 92, 846
t297=1187, 886, 642, 1191
t298=352, 393, 709, 849, 862, 1174, 683, 176
t299=604, 861, 475, 466, 854
t300=851, 356, 156, 732
t301=465, 976
t302=447, 836, 8
t303=811, 761, 678, 382, 692
t304=441
t305=531, 237
t306=367, 1019, 818, 882
t307=423, 596, 255, 826
t308=702, 963, 863
t309=127
t310=642
t311=91, 1189
t312=170, 602, 583
t313=547, 818
t314=1071, 610
t315=498, 146, 866, 164
t316=487
t317=976, 682, 721
t318=159
t319=655, 374, 790
t320=518, 1169, 578, 734, 201, 415
t321=907, 1187, 1206, 849, 90
t322=202, 1083, 325, 462, 1163, 983, 657, 875, 1093
t323=655, 1030, 1230, 560, 853, 170
t324=905, 313
t325=938, 147, 753, 908, 90, 1180, 876
t326=670
t327=834, 114
t328=114, 675, 284, 898, 933, 494, 1213
t329=1106
t330=137
t331=591, 1013, 719, 376, 568, 387, 1183, 366, 919
t332=351, 330, 900
t333=771, 321, 576
t334=789, 629, 1026, 410, 113, 599, 896
t335=1132, 803
t336=157, 231, 487, 703, 453
t337=674, 83
t338=906, 616, 753
t339=68, 873, 278, 832, 783, 978
t340=353, 68
t341=326, 1124, 853, 366
t342=609, 636, 260, 1043, 1198
t343=324, 426, 586, 365, 1088, 233
t344=302, 308, 266, 248, 1118, 988, 1053, 338, 199, 119, 635
t345=559, 932, 113, 249, 987
t346=973, 125, 800, 612
t347=284, 902
t348=1044, 235, 832
t349=76, 111
t350=958, 186, 691, 862, 986
t351=487
t352=1046, 1068, 758, 124, 931
t353=137, 269
t354=524
t355=225, 1046, 1075, 266, 90, 468, 197, 1214, 782, 1080
t356=914, 426, 96
t357=666
t358=212, 703, 700
t359=1145
t360=712, 752
t361=1056, 160, 1136
t362=151
t363=1152, 654, 818, 181, 1065, 472, 99, 662
t364=710, 385, 105, 682, 403, 70, 812, 849
t365=773, 5, 970, 712, 141, 1163, 469
t366=1052, 217, 218, 99, 225, 549, 603, 905, 420
t367=150, 97, 114
t368=956, 924
t369=181, 351, 430, 971
t370=1123, 65, 809, 465, 107
t371=486
t372=330
t373=840, 688, 1016, 341, 265, 358, 715, 394, 1189
t374=375, 817
t375=396, 384
t376=105, 570
t377=1097, 791, 351
t378=641
t379=784, 435
t380=881, 1197, 230, 754, 1132, 454, 69
t381=446, 368, 639, 441, 654
t382=735, 97, 1208
t383=669, 461, 358, 907
t384=694, 816, 660
t385=698, 550, 346, 751, 536, 491, 111
t386=792, 1233
t387=158, 130
t388=226, 1156
t389=966, 1190, 93
t390=33, 809, 367, 399, 959, 351, 1031, 388, 668
t391=151, 155
t392=1022, 548, 1233, 157, 509
t393=1166, 682, 177, 506, 1103, 1141, 646, 545, 348
t394=807, 398, 138, 469, 877
t395=627, 286
t396=1153, 880
t397=1178, 303
t398=387, 220, 105
t399=1156, 631
t400=451, 1188
t401=242
t402=785
t403=849, 607
t404=973, 816, 767, 1171
t405=902
t406=410, 549, 802, 615
t407=898
t408=972, 595
t409=1172, 81
t410=675, 422, 1054, 108, 881, 1223
t411=325, 726, 927, 790, 234, 122, 377, 473, 905, 778
t412=1127, 378, 708, 280, 811
t413=198, 1156
t414=77, 282
t415=683
t416=624, 200, 143, 301, 816, 436, 447, 683, 1222, 1086, 789
t417=688, 177, 198, 1117, 940
t418=942, 515, 213, 15, 189, 466, 289, 843, 1051, 302, 485
t419=509, 176, 714, 489
t420=1012, 193, 755, 342, 714, 732
t421=1145, 661, 283, 874, 599
t422=72, 278, 1069, 599
t423=137, 568
t424=634, 595, 583
t425=876, 1091, 588, 523, 1004, 906, 375, 584, 997, 1147
t426=9, 754, 245
t427=822, 461, 297, 911
t428=466, 405
t429=748, 809, 1059, 254
t430=238, 510
t431=653
t432=1166, 341, 220, 329
t433=703, 572
t434=179, 912
t435=972, 1012
t436=452, 1227, 450, 577, 211, 18, 623
t437=430, 411, 765, 503, 863, 1166, 1007, 362
t438=651, 108, 1176
t439=947, 84, 72
t440=573, 1134, 1066, 520, 188, 748, 337
t441=381, 389
t442=939
t443=1199, 318
t444=97
t445=912, 1007, 1208
t446=835, 114
t447=111, 824, 861, 614
t448=152
t449=830, 141
t450=723, 1190, 1003, 816, 1115, 103, 87, 127, 477
t451=517, 606, 1205, 807, 1156
t452=998, 214, 391
t453=651, 1055, 838, 1168, 1014, 183, 48, 747
t454=476, 864
t455=829, 458, 682
t456=1000, 476
t457=269, 1186
t458=1179, 39
t459=532, 764, 879, 163, 632, 1196, 311
t460=1062, 851
t461=908, 362, 482
t462=1108, 540, 546, 576, 1024
t463=291, 332
t464=1163, 95, 468, 681, 111, 711, 652
t465=820, 447, 283, 1046, 455
t466=450, 856, 250, 314, 1112, 1212, 705
t467=818, 772, 677, 640
t468=1007, 767
t469=925
t470=378, 368, 754, 923
t471=469
t472=345
t473=628, 763
t474=951, 1204
t475=197, 224, 774, 945, 347, 536, 455, 438, 792
t476=950, 220, 498
t477=702, 1120
t478=1003, 86
t479=587, 1114, 739, 1038, 368, 897
t480=150
t481=882, 493
t482=1002
t483=579, 129, 270, 1059, 444, 1216, 451, 298
t484=259, 654
t485=623, 237, 215, 143, 451, 583, 200
t486=789
t487=959, 1204
t488=675, 964, 815
t489=184, 136
t490=428, 426, 527, 413, 284
t491=593, 1054, 971
t492=220, 881, 99, 981
t493=1076, 1111, 747, 958, 960
t494=809, 740, 304
t495=285, 525, 454, 558
t496=530, 797, 1225
t497=534, 619, 32
t498=1208
t499=581
t500=452, 503, 713, 537, 609, 737, 1166
t501=914, 742, 708, 73
t502=916, 187, 170, 374, 712, 774, 375, 362, 653, 1040
t503=1017, 675, 366
t504=1192, 128
t505=483, 804, 1219, 467, 537, 1159, 111, 73
t506=1185, 1201, 1191, 778
t507=776, 139, 602
t508=938, 29, 227, 572, 1013
t509=1076, 270, 741, 635, 1207, 79
t510=648, 1160, 703, 1194, 400, 378
t511=568, 1226
t512=206, 1129
t513=811, 665
t514=942, 1187, 1019, 433
t515=533, 410, 663, 1132
t516=1022, 881, 278, 144
t517=518, 1024, 509
t518=398, 246, 824
t519=1010, 942, 1168, 125, 1081, 1012
t520=530, 470, 1081, 389, 397, 1029
t521=193
t522=506, 347, 128, 576, 622
t523=81, 860, 697, 376, 194
t524=176, 316, 1083, 503, 1088, 668
t525=1168, 490
t526=697, 739, 712, 400, 268, 1045, 888
t527=263, 476, 766, 674, 347, 538
t528=220, 492
t529=222, 293, 401, 917
t530=521, 907, 689
t531=1043, 159, 78
t532=1164, 1236, 646, 823, 347
t533=855, 818
t534=1136, 751, 158, 522, 1189, 1068, 1110
t535=450, 1200, 255, 578, 65, 1110
t536=208
t537=1203, 493, 243
t538=79, 1073, 935
t539=445, 1168, 383, 1149, 433
t540=1028
t541=824, 436, 1151, 430
t542=936, 372
t543=1163, 981, 1227
t544=1086, 810, 271
t545=266, 1094, 422, 959, 1041, 94, 608, 501
t546=1158, 1117, 495
t547=353, 929
t548=706, 698, 265
t549=840, 470, 380, 774
t550=901, 202, 655, 436, 460, 447, 437, 929, 96, 565, 1048
t551=966, 694, 750, 1025, 1133, 85, 812
t552=299, 813, 1007
t553=1068, 1121
t554=492, 565
t555=943, 284, 264
t556=894, 380, 98
t557=527
t558=918
t559=741, 235, 618
t560=333
t561=1163
t562=1117, 876, 527
t563=678
t564=425, 498
t565=802, 279, 109, 670, 147, 1093, 878, 879
t566=575
t567=1019, 104, 1015
t568=532, 562, 521, 579, 833, 401, 1093, 602
t569=128, 946
t570=766, 477, 520, 71, 108, 144, 1065, 117, 564
t571=554, 168, 234, 551, 272, 943
t572=1094
t573=1177, 388, 818
t574=784
t575=237, 315, 585
t576=800, 910, 915, 123
t577=652, 1194, 231, 121
t578=425, 571
t579=532, 1196
t580=1166, 816
t581=732
t582=1100, 209, 427, 1055, 916, 1166, 80, 288, 178, 616
t583=224, 720, 97, 640, 386
t584=579
t585=879, 1138, 358, 1144, 343, 1084, 1009, 1133, 866
t586=1207, 232, 526, 910, 882, 185, 335, 291, 768, 272, 240
t587=651, 147
t588=609, 568
t589=1063, 934, 84, 660
t590=525
t591=1082, 1063, 1187
t592=1093
t593=934, 474, 990, 1206
t594=323, 1076
t595=409, 465, 780
t596=950, 295, 754, 847
t597=460, 885, 1213
t598=529, 1171, 257, 211
t599=106, 1094, 593, 656, 767
t600=752, 835, 353, 636, 441
t601=301, 675, 154, 989, 1223
t602=127, 1235
t603=882, 409
t604=1049, 505, 253, 586, 1060, 379, 727, 81
t605=1007
t606=620, 797, 1168, 648
t607=1022, 1142
t608=908, 1035
t609=373, 304
t610=455, 203, 1234
t611=719, 1076, 858
t612=1120, 37
t613=1092, 312, 389
t614=1043, 327
t615=640
t616=97, 822, 896, 981, 1177
t617=220
t618=637, 643, 414, 878, 652, 944, 651, 514
t619=238, 92, 278, 952, 640, 250, 327, 1037
t620=628, 176
t621=393, 822
t622=273, 465
t623=231, 72, 905, 81, 1229, 451, 112, 229, 507
t624=543, 326
t625=248, 521
t626=1152, 217
t627=1172
t628=226, 825
t629=73, 83
t630=154, 955, 310, 806, 909, 365, 420, 944, 474, 1109
t631=995, 641, 556, 541
t632=987, 690, 1117
t633=94, 423
t634=391, 68, 327, 1182
t635=118
t636=996, 598, 226, 442
t637=307, 1175
t638=650, 631
t639=475
t640=130, 451, 449, 436
t641=799, 898
t642=442, 1190, 396
t643=1084, 664, 455, 104, 788
t644=876
t645=789, 447, 1019, 939, 929
t646=324, 176, 539, 898, 515, 867, 609, 1096, 447, 1174
t647=655, 1229
t648=796, 378, 919, 351, 1179
t649=362, 839, 530
t650=487
t651=854, 913
t652=107, 843, 540, 993, 898, 1197, 814
t653=991, 609
t654=665, 817, 231
t655=1037
t656=580, 925, 272, 967
t657=441, 465
t658=219
t659=963, 341, 689, 913, 84
t660=779, 745
t661=427, 702, 672, 624
t662=1104, 371, 661, 675
t663=980, 360, 707, 507, 725, 171, 893, 1143, 426, 607, 240, 436, 710, 613, 895, 922, 397
t664=1075, 542, 250, 1101, 803
t665=229, 1059, 926, 351, 882, 571, 1207
t666=732, 221
t667=391, 1192, 144, 840, 844, 1049
t668=1057, 1130, 423, 349
t669=616, 1084, 793
t670=351, 353
t671=354, 817, 142
t672=623, 258
t673=717, 690
t674=789
t675=855, 568
t676=326
t677=334, 278, 798, 1066, 191, 216, 386
t678=318, 548
t679=821, 397
t680=333, 829, 467, 746, 428
t681=638, 471, 971
t682=254, 734, 554, 375, 84
t683=610, 851
t684=520
t685=955, 540, 973, 754
t686=729, 1210, 274
t687=208, 1193, 860
t688=119, 132
t689=1104
t690=1015, 986, 50, 1089, 252, 1093, 1140, 704, 367, 1191, 195, 931, 780, 514, 783, 1061, 269, 703, 178, 729, 984, 733, 159, 775, 1182
t691=839
t692=1235, 1079, 507, 698, 565, 651, 258, 144
t693=863, 56, 1015, 685, 969
t694=298, 1179, 401, 704, 319, 1007
t695=137, 1097, 932, 994
t696=395, 101, 296, 513
t697=1102, 501
t698=427
t699=125
t700=112, 373, 131
t701=550, 241
t702=416, 780, 681, 184, 207, 755
t703=461
t704=581, 635
t705=905
t706=1142
t707=542, 569, 561
t708=1071, 103, 485, 247
t709=294, 104
t710=380
t711=873, 521, 1060, 922
t712=1143, 275, 1181
t713=27, 991
t714=1153, 560, 1025, 1007
t715=710, 871, 673
t716=640, 825, 1090, 546, 622, 520
t717=965, 841, 844, 465, 557, 394
t718=690, 1155, 436, 396
t719=674, 1028, 292
t720=1071, 1041, 1175, 1046, 1184, 625, 840, 978, 1006
t721=637, 496, 109
t722=764, 664
t723=632, 73, 943, 183, 795
t724=577, 815, 909, 751
t725=1154, 743, 861
t726=81, 478
t727=1131, 583
t728=327
t729=437, 312
t730=1161, 68, 728, 45
t731=699, 744, 357, 377
t732=1173, 547, 649, 747
t733=206, 880, 797, 1191
t734=305, 377, 62
t735=452, 373, 998, 1101, 574, 972, 299, 90
t736=537
t737=572, 1033
t738=779, 417
t739=418, 172, 512
t740=582, 1099
t741=368, 373, 263, 306, 267, 575
t742=352, 317
t743=786, 367
t744=506, 795, 959
t745=1233, 864, 572, 361
t746=679, 567
t747=381, 743, 286
t748=825, 424, 381
t749=337, 1133, 1158, 961
t750=532, 847, 100, 818, 1222, 828, 600, 1007
t751=149, 951, 697
t752=869, 214, 490
t753=1141
t754=168, 497
t755=606, 802, 367, 447
t756=75, 517, 265, 1031, 77
t757=732
t758=564, 718, 847, 511, 419
t759=785, 264, 767, 389, 384
t760=465, 78
t761=902, 1215
t762=788
t763=468, 1103, 312, 160
t764=756, 120, 112, 963, 658, 161, 451, 397, 468, 618, 834, 666, 1228
t765=273, 977, 767
t766=164
t767=378, 271, 360, 617, 275, 246, 164
t768=71, 531, 972
t769=1002, 232, 1006, 1197, 968
t770=569, 1102, 319
t771=68, 186
t772=165, 500
t773=1021, 638
t774=832, 461, 84, 140, 390, 22, 1081
t775=330, 1091
t776=1076, 1168, 231, 636
t777=903, 344, 839, 325, 301, 980
t778=873, 152, 487, 572, 233, 220
t779=1027, 553, 665, 894
t780=675, 392
t781=1222
t782=1185, 167, 455, 1068, 91
t783=74, 649
t784=790, 782, 1117, 176, 1041, 1206, 650, 849
t785=361, 83, 1143, 309, 257, 960
t786=1009, 1036
t787=1065, 663, 995, 1034, 1053, 873, 1202, 929, 1002, 324, 801, 226, 821, 816, 807, 365, 753, 860, 98
t788=568, 405, 212
t789=927
t790=1111, 1199, 1186
t791=850, 678, 1191, 44, 1007, 1196
t792=848
t793=487, 722
t794=805
t795=72, 329, 703, 866, 143, 939, 918, 1132
t796=976, 220, 413, 711, 1186, 549
t797=818, 644, 852, 4
t798=552, 741, 854, 888, 1113, 1139
t799=417, 235
t800=768, 236, 847, 1162
t801=700, 1101, 1169
t802=503, 111
t803=200, 1074
t804=287, 687, 409
t805=873, 249, 788, 1036, 687, 161
t806=1161, 534, 747
t807=1149, 138, 368, 1176
t808=1091, 773, 1030, 355, 639
t809=351, 87, 436
t810=746, 677, 127
t811=511, 1209, 731
t812=663, 1117, 1135, 788, 789, 912
t813=669
t814=884, 613, 436, 275, 1154
t815=713
t816=739
t817=732, 409
t818=1101, 76, 576, 457
t819=1005, 861, 572, 1078
t820=69, 554, 181, 868
t821=685, 1059, 452, 221, 991, 1214, 522, 675
t822=352, 727
t823=431, 1037, 184, 427, 260, 773, 429, 346
t824=319, 500, 808, 486, 80, 1005, 672, 1224, 783, 853, 175
t825=1159, 1106, 712, 259, 277, 917, 362, 367, 103, 380
t826=670, 1072, 654, 131, 817, 789
t827=588, 222, 296, 1182, 286, 68
t828=134
t829=582, 1188
t830=797, 174, 683, 487, 1004, 988
t831=124
t832=947
t833=1232, 675
t834=1228, 901, 96
t835=123, 884
t836=488, 754, 978, 371, 114, 674, 119, 716
t837=413, 1065, 935
t838=580, 1023, 1226, 601, 676, 107, 883, 248, 154, 1131
t839=111
t840=722, 782
t841=113, 2
t842=851, 576, 522
t843=952, 1221, 439
t844=808, 1202
t845=1039
t846=1099, 678, 190
t847=947, 1074
t848=209, 379, 910, 1232, 135, 384, 279
t849=279
t850=1186
t851=228, 926, 63, 10
t852=1104
t853=405, 1151, 310, 837, 527
t854=1164, 348, 93
t855=712, 1066
t856=845, 981, 206, 171, 120, 675
t857=577, 328, 1212
t858=667
t859=792, 345, 916
t860=595, 135, 227
t861=246, 214, 249, 196, 292, 1013, 368, 1115, 713, 1100
t862=788
t863=430, 1223
t864=90, 88, 315, 544, 1216
t865=428, 351
t866=566, 1021, 981
t867=985
t868=102, 1002, 499, 909, 1124, 1083, 1156
t869=933
t870=215
t871=163, 108, 64, 1216
t872=1037, 268
t873=681, 221, 921, 178, 855
t874=974, 73, 735, 130, 1166, 457
t875=227
t876=722, 866
t877=1160, 392, 337, 106, 559
t878=603, 949, 129, 623
t879=975, 472, 860, 1223
t880=1062, 917, 409
t881=347, 431
t882=921
t883=301, 53, 800, 1105, 665, 219, 384
t884=817, 122, 299, 487, 698
t885=988, 574
t886=561, 43, 368, 681
t887=487, 686, 749, 913
t888=239, 1062, 329, 567
t889=949, 901, 430
t890=155, 367, 1213, 818, 842, 902
t891=952, 533, 299
t892=951, 809, 382, 1168, 876, 232, 638, 1205
t893=769, 1127
t894=356, 1208, 185, 188
t895=805, 867, 676, 826, 890, 706, 408, 116, 830, 539, 1109
t896=1223, 746, 1036, 525, 557, 209
t897=1157, 885, 894
t898=392, 409, 1235
t899=241, 620, 425
t900=970, 82, 174
t901=848, 1187, 101
t902=871, 1225
t903=693
t904=235, 1230
t905=158, 379, 552, 616, 1067, 637
t906=788, 872, 87
t907=1055, 404
t908=314, 1181, 21, 931
t909=554, 1101
t910=680
t911=467, 469
t912=1095, 808
t913=682, 1122, 1111, 125, 1143, 691, 1147
t914=900, 905
t915=495, 439
t916=1154, 1150, 35
t917=841, 255, 819, 999, 522
t918=346, 921, 1116, 558, 74, 290, 274
t919=688, 478, 194
t920=254, 26, 1003, 127, 494, 883, 405, 176
t921=195, 319, 126
t922=953, 1091
t923=438, 1125, 818, 912, 456, 710
t924=424, 1144, 1106, 74, 312, 704, 659, 985, 666, 615
t925=417, 1128
t926=1123, 973, 1122, 70
t927=740, 377, 957, 197
t928=554, 929, 1025, 1040, 619
t929=155, 825
t930=454
t931=575, 1088
t932=1229, 1143, 147
t933=1176, 339, 1019, 262
t934=920, 84, 836, 1142, 521
t935=338, 359, 716
t936=117, 439
t937=1178, 883
t938=329, 634, 789, 199, 1105, 432, 1126, 1191, 323
t939=888, 214
t940=646
t941=936, 218
t942=489, 717, 80, 246, 404
t943=1121, 1074, 469, 984, 498
t944=1022, 501
t945=434, 279, 635, 535, 905, 430
t946=1017, 818, 319, 1159
t947=827, 441, 1193, 1037, 960, 696, 586, 611
t948=582, 749, 673, 1101, 899, 1077
t949=175, 361, 817, 291, 292
t950=535, 432, 114
t951=66, 1128, 392, 216, 327, 13, 1196, 99
t952=618, 1031, 783
t953=750, 703, 374, 1048
t954=469, 1203, 826
t955=387, 655, 545, 587
t956=409, 1031, 128, 312, 1146
t957=579, 1183, 281, 364, 424, 1057, 333
t958=554, 294
t959=760, 967, 882, 1231, 592, 925, 1200
t960=984, 209
t961=1176, 236
t962=307
t963=460, 571, 518
t964=207
t965=1147, 233
t966=132, 435, 1176, 568, 85, 365
t967=182
t968=1211, 1073, 329, 1117, 250, 561, 195
t969=246, 472, 750, 1119, 87
t970=1004
t971=573
t972=216, 595
t973=831, 514
t974=196, 1139, 745, 1140
t975=366, 636
t976=627, 337
t977=450, 1075, 662, 353, 224
t978=1146, 225, 170, 584, 399, 856, 450, 687
t979=598, 1105, 780, 718, 633, 260, 1099, 483, 413, 1196, 1184, 535, 1202, 812, 345
t980=293, 854
t981=297, 441
t982=704, 465
t983=940, 1174, 324, 1091, 597, 885, 131, 1015, 724, 74, 156, 900
t984=972, 793, 832, 1056, 1182
t985=802, 285
t986=1232
t987=275, 647, 516, 340, 757, 1148, 733
t988=439
t989=995
t990=987
t991=975, 686, 636
t992=125
t993=577, 291
t994=942
t995=1036, 567, 622, 1144
t996=213
t997=922, 322, 196
t998=112, 614, 780, 674
t999=365, 646, 449, 703, 663, 443
t1000=405, 1015
t1001=91
t1002=866
t1003=365, 808, 284
t1004=1077, 684, 117, 936, 750, 1040, 288, 850, 289, 60
t1005=1037, 361, 554, 930, 147, 420, 961, 794
t1006=146
t1007=623, 654
t1008=483
t1009=1040, 1116, 193, 1122, 247
t1010=777, 250, 630
t1011=870, 1174
t1012=229, 1119, 197, 925, 630, 966
t1013=875
t1014=140, 1013
t1015=422, 171, 664, 511, 774, 90, 179, 14, 1103, 543, 123, 63, 1185
t1016=1093, 125, 828, 793, 737, 836, 706, 177
t1017=548, 692, 714, 818
t1018=537, 920, 1108, 1121, 1012, 849, 395
t1019=794, 921, 1223, 171, 220, 1025, 758, 458, 1031, 1045, 1161, 915
t1020=720, 1007, 1059
t1021=583, 1115, 554, 247
t1022=809, 1137, 867, 259
t1023=887, 139, 137, 1190
t1024=315, 368, 338, 1175, 985, 1135, 282, 1167, 229, 328
t1025=460, 876, 862
t1026=265
t1027=1157, 130, 266, 963
t1028=503, 102
t1029=805, 260, 490
t1030=1144, 1059, 312, 731
t1031=17, 306, 804, 121, 347, 791, 494
t1032=195, 933, 1070, 242, 1020
t1033=270, 484, 1214
t1034=957, 802, 172, 403
t1035=117, 1093, 72, 444
t1036=163, 513, 887, 1131
t1037=694, 251, 1148, 832, 418, 396
t1038=684, 473, 636, 928, 675, 1211, 483
t1039=1204
t1040=833, 1067, 753, 1110, 1206
t1041=1211, 1198, 255
t1042=193, 113, 776
t1043=1204, 407
t1044=25
t1045=866, 75, 1001, 416
t1046=519, 65, 591, 703, 449, 1018, 58
t1047=1142, 394
t1048=386, 1079
t1049=450, 703, 913, 81, 1029
t1050=948
t1051=847, 93
t1052=1060, 899, 616, 679
t1053=1142
t1054=278, 655, 806, 708, 782
t1055=765, 1066
t1056=557, 798, 592, 277, 456, 487, 134
t1057=862, 398, 327, 840, 605, 934
t1058=229, 626, 378
t1059=458, 1185, 1227, 486, 534
t1060=643, 195, 1104, 460
t1061=501
t1062=1207, 218
t1063=862, 809
t1064=860, 460, 613
t1065=334, 375, 984
t1066=1212, 466
t1067=1211, 218
t1068=235, 867, 639, 104, 300, 447, 499, 1011, 850
t1069=1174, 301, 246
t1070=644, 24, 1041
t1071=252, 767, 788, 473, 54
t1072=1133, 1122
t1073=66
t1074=198, 582, 252, 958
t1075=1128, 693, 827, 722, 790, 1186, 853
t1076=448, 584, 827, 1163
t1077=640, 94
t1078=276, 90
t1079=540, 722
t1080=968, 616, 895, 1099, 298
t1081=1180, 838, 1070
t1082=352, 276, 1136
t1083=817
t1084=1017, 355, 659, 1042, 528, 939
t1085=1037, 355, 92, 160, 864, 390, 465, 312, 723
t1086=992
t1087=1061
t1088=154, 882, 935
t1089=742
t1090=207, 299
t1091=84, 1027, 423, 1076, 960, 698
t1092=83, 247, 862, 832, 389
t1093=652, 266, 991
t1094=1101, 197, 1113, 881
t1095=884, 1229, 317
t1096=352, 809
t1097=204
t1098=439, 152, 914, 1136, 871, 823, 327, 968
t1099=943, 891, 398, 1080
t1100=1132
t1101=693, 599, 1059, 177
t1102=1236, 1030
t1103=632, 825, 461
t1104=1012, 707, 999, 1051
t1105=342, 559
t1106=466
t1107=857, 578, 1142, 660
t1108=828
t1109=827, 832, 788
t1110=1174, 1114, 1098
t1111=23, 383, 100
t1112=554, 464
t1113=1086
t1114=623, 727, 437
t1115=433, 802, 410, 335, 182
t1116=287, 306
t1117=1033, 1152, 1105, 76, 822, 562
t1118=1207, 574, 886, 374
t1119=315, 369, 978
t1120=447, 879, 616
t1121=417, 874, 454, 189, 973
t1122=1138, 170, 555
t1123=961, 85, 311, 220, 651, 832
t1124=212
t1125=1101
t1126=482, 260, 1099, 984
t1127=1068, 678, 1168, 1220, 113, 830, 750
t1128=512
t1129=488
t1130=1087, 1020, 242
t1131=429, 212, 983, 1222, 171, 606, 416, 431, 436
t1132=1076
t1133=147, 1018
t1134=875, 409, 327, 659
t1135=788, 248, 309
t1136=1225, 499, 418, 826, 191, 1159, 503, 419, 665, 1, 901, 1063
t1137=1198, 702
t1138=325
t1139=224, 294, 889, 1172, 549
t1140=276, 221, 1029, 81
t1141=1133, 280, 786, 798, 1209, 1006
t1142=1117, 103
t1143=680, 932
t1144=849, 342
t1145=527, 373, 594, 472
t1146=654
t1147=928, 717
t1148=374, 918, 772, 782, 93, 75
t1149=1119, 215, 816, 195, 1189, 327, 1013, 210, 302, 693, 623
t1150=143, 912, 899, 900, 950, 960, 216
t1151=947
t1152=1107, 1063, 502
t1153=508, 881, 974, 577, 681, 455
t1154=762, 563, 271, 287, 972, 351, 421, 894, 211
t1155=584, 554, 567, 892, 164, 1127
t1156=605
t1157=912, 883, 300, 415, 1212
t1158=603, 217, 1085, 295
t1159=697, 269
t1160=1217, 1023
t1161=574, 680, 347, 301, 678, 1004, 805, 919
t1162=1207, 515, 1134, 367, 374, 437
t1163=1115
t1164=248, 453, 426
t1165=965
t1166=884, 663, 7, 810, 349
t1167=1007
t1168=554, 440, 279
t1169=738, 113, 754, 287, 1197
t1170=604, 327, 1169
t1171=683, 422, 1207, 415, 372, 676, 259, 251, 921, 690
t1172=859, 336, 526, 1082, 736, 484, 939
t1173=570, 256, 626, 611, 304, 870, 1023, 250, 793
t1174=880, 384, 503, 303, 1126
t1175=370, 594, 1058, 744, 502, 1085, 810
t1176=427, 1002, 82, 624, 669
t1177=135, 606
t1178=301, 863, 113, 857, 115, 552, 476
t1179=375, 957, 954
t1180=608, 1009, 538, 342, 377
t1181=398, 573, 1141, 110, 989, 1087, 820, 1076, 106, 326, 1020, 407
t1182=300, 658, 1093, 405, 524, 198, 667, 954, 250
t1183=228, 133, 954, 1078
t1184=684, 897, 428, 516, 565, 789, 853, 107, 860, 1111
t1185=233, 503, 1102
t1186=182, 474, 764
t1187=509, 147, 787, 958
t1188=1014, 406, 214, 115, 824
t1189=175, 763, 185
t1190=1237, 1097, 479
t1191=269, 834, 901, 142
t1192=799, 87, 667, 796
t1193=40, 1125, 237, 712, 306
t1194=804, 948
t1195=88, 827, 530
t1196=1114, 543, 517
t1197=1175
t1198=224, 472
t1199=1117
t1200=90
t1201=100, 613, 831, 139
t1202=6, 1068
t1203=300, 625, 455, 767, 893
t1204=862
t1205=441, 834
t1206=337, 224
t1207=648, 224, 905, 315, 1084
t1208=1196, 261, 269, 88, 979, 562
t1209=474, 1176, 197, 72, 452, 1077
t1210=420
t1211=1142, 839
t1212=249, 180
t1213=1231, 879
t1214=1018, 447
t1215=1148, 955, 673, 1068, 368, 299
t1216=87, 332, 52, 376, 1151
t1217=426, 448, 516, 569
t1218=640
t1219=962, 173
t1220=994
t1221=166, 933, 443
t1222=378
t1223=671, 1003, 738, 528, 947
t1224=536, 833, 1025, 71, 829
t1225=1026, 393
t1226=246, 149, 570, 113, 385, 1100, 863, 1152
t1227=921, 141, 301, 515, 271, 1236, 756, 218, 1173, 846, 782, 408
t1228=1218, 138
t1229=623, 475
t1230=825, 1141
t1231=966
t1232=1118, 1166, 714
t1233=72, 616
t1234=313
t1235=698, 82, 230, 334, 335
t1236=777, 1000, 459, 945
t1237=247, 965, 891
t1238=293, 461, 689, 673
t1239=367, 857, 1066, 1097
t1240=124, 197
t1241=11, 632
t1242=827, 1103, 1230, 125, 374
t1243=532, 548
t1244=349, 364, 698, 564
t1245=675, 475
t1246=1066, 468, 978
t1247=839, 285
t1248=481, 787, 927, 789
t1249=303, 442, 1166, 733
t1250=995, 881
t1251=754
t1252=1166, 284, 627, 753, 239, 327, 493
t1253=388, 515, 668, 702
t1254=572, 863
t1255=757, 101, 98
t1256=427
t1257=480, 180, 739, 647
t1258=1176, 449, 340, 709
t1259=353, 896, 876
t1260=165, 129
t1261=406, 329, 323
t1262=349, 666, 1148, 361, 1177, 1098, 697, 1116, 1171, 841, 480
t1263=472, 892, 388, 162, 558, 84, 819
t1264=1160, 1033
t1265=1095, 711, 298, 783, 577, 667, 1103
t1266=123, 859, 1081, 699
t1267=419, 276, 284, 257, 1042, 561, 651, 1038, 346
t1268=585, 391, 888, 352, 542, 680
t1269=842, 1051, 1063
t1270=656, 1207, 1193, 840, 441, 105, 841
t1271=286, 974, 780, 790, 1125, 1067
t1272=72, 49, 483
t1273=305, 603, 415
t1274=1205, 452, 1182, 506
t1275=900
t1276=722, 1007, 303
t1277=987, 543, 374, 208
t1278=935, 1101, 833
t1279=638, 355, 953, 464
t1280=686, 51, 327
t1281=395, 902
t1282=1053, 788, 753, 1217, 619, 128, 789, 400, 777, 551
t1283=1122, 764, 839, 383
t1284=569, 1219
t1285=427, 30, 978, 236
t1286=962, 930
t1287=88, 589
t1288=143
t1289=1072, 117, 203
t1290=990, 232, 1162
t1291=291, 955, 889, 671, 481, 1034, 420, 235
t1292=1141, 72
t1293=384, 1016
t1294=1103
t1295=876, 591, 700, 860
t1296=293, 145, 745
t1297=718, 1113
t1298=176
t1299=594
t1300=543, 197
t1301=540, 776, 971, 1011, 765, 113, 392
t1302=1153, 645, 301
t1303=622, 362
t1304=1115, 205, 730
t1305=220, 594, 439, 447
t1306=279, 764, 991
t1307=87
t1308=379, 957, 781, 599, 111, 621, 1093
t1309=678, 1234
t1310=1060, 340, 143, 1194, 1058
t1311=133, 485, 110, 1052, 1066
t1312=471, 887, 748
t1313=863, 526
t1314=685, 362
t1315=1221
t1316=1237, 64, 223, 933, 1072, 312
t1317=98, 979, 138, 998, 262
t1318=1052, 1050
t1319=250, 810, 1013
t1320=713, 628, 142, 921
t1321=614, 634, 758, 651, 674, 837, 777, 292, 1119, 221, 119, 912
t1322=63, 665
t1323=236, 117, 868, 496
t1324=259, 1185, 590
t1325=947, 166
t1326=823, 642, 906, 625
t1327=964, 481
t1328=695, 253, 463
t1329=244, 926, 441, 1175, 1063, 554
t1330=775, 902
t1331=767, 201, 800
t1332=1123, 532, 215, 900, 391, 614, 506, 236, 1165
t1333=623, 871, 424
t1334=316
t1335=805, 1214
t1336=516, 678, 819
t1337=668, 529, 1001, 648, 865, 1164, 997, 809, 632, 1174, 901, 357
t1338=877, 480, 470, 1093
t1339=334, 192
t1340=725
t1341=696, 1192
t1342=299, 67, 892, 392, 1047, 239, 507, 815, 1218
t1343=1212, 926, 673, 334, 1069
t1344=1156, 839, 218, 783, 173, 1092
t1345=476, 1056
t1346=879, 576, 1155, 181, 217
t1347=350, 574, 348, 1215, 309, 873, 1224
t1348=750
t1349=740, 1203, 120, 270, 361, 79, 878
t1350=770, 415, 212
t1351=359, 1032, 362
t1352=367, 988, 890, 752, 348, 1012
t1353=864, 1014, 831, 199
t1354=1106, 1186, 927, 976, 555, 375, 434
t1355=152, 587, 115, 287
t1356=904, 102, 1219
t1357=238, 1157, 164
t1358=447, 220, 374
t1359=853, 506, 781
t1360=1125, 550
t1361=1188, 88, 258, 885
t1362=1146, 1182, 301, 749
t1363=1002, 1182, 1000, 907
t1364=721, 767, 675, 443, 299
t1365=638, 1142
t1366=840, 875, 795, 901
t1367=1091, 804, 152, 539, 651
t1368=991, 1026, 1057, 1132
t1369=411, 377, 175, 623
t1370=1021, 496, 369, 372
t1371=975, 1013
t1372=695, 148, 82
t1373=407, 975, 326
t1374=516, 972, 269
t1375=122, 205, 93, 322, 1086, 690, 1000
t1376=363, 410
t1377=1082, 358
t1378=721
t1379=1176, 1191, 629
t1380=623, 486, 535, 476
t1381=1040, 654, 456, 605, 610, 905
t1382=1155, 521
t1383=42, 123, 879, 703
t1384=472, 1023, 737
t1385=1019, 172
t1386=277
t1387=931, 495
t1388=1144, 692, 942, 640
t1389=127
t1390=574, 1128
t1391=329, 896
t1392=1079
t1393=425, 281, 1124
t1394=71, 788
t1395=766, 412, 630, 681
t1396=937
t1397=324
t1398=131, 438, 539
t1399=623, 1080
t1400=337
t1401=440, 446, 455
t1402=123, 458
t1403=424, 569, 903
t1404=679, 715, 1192
t1405=1106, 1147
t1406=487, 1206, 439, 561, 284
t1407=588, 1133, 299
t1408=179, 430, 1030
t1409=584, 1044, 20
t1410=856, 469, 1093
t1411=517, 487
t1412=613, 805
t1413=515, 609, 544, 847, 185, 941
t1414=210, 545
t1415=631, 337, 895, 1217
t1416=835, 398
t1417=301, 686, 318, 179, 1216, 105, 814
t1418=245, 119
t1419=298, 712
t1420=515, 870
t1421=1077
t1422=359, 1027, 345, 112
t1423=442, 88, 1035
t1424=267, 72, 1137
t1425=447, 433, 735
t1426=746, 818, 581, 283, 354, 632
t1427=1019, 567
t1428=816, 709, 293, 855, 559
t1429=291
t1430=584
t1431=86, 162
t1432=1008, 140, 436, 250
t1433=326, 981
t1434=882, 667, 441, 651, 152, 808, 904, 548
t1435=336, 530
t1436=317
t1437=463, 378, 869, 554
t1438=781, 740, 727, 322
t1439=745, 462, 376, 326
t1440=19, 662
t1441=231, 992
t1442=1047, 382
t1443=436, 775, 130, 1140, 170, 834
t1444=132, 1174, 852, 444
t1445=839, 834, 995, 734
t1446=218, 844, 390, 687, 759, 93, 789, 910, 817, 446, 370
t1447=264
t1448=768, 549, 1172, 1058
t1449=91, 246, 12, 948, 1084, 463, 900, 177
t1450=163, 354, 640, 712
t1451=192, 655, 921, 279, 129
t1452=1044, 104
t1453=303, 1074, 848, 384
t1454=612, 288, 942, 1032
t1455=169, 770
t1456=1218, 233, 171, 879, 826, 380, 996
t1457=270, 184
t1458=275, 997, 933, 949, 1057, 1019
t1459=963, 303, 651
t1460=256
t1461=884, 1222
t1462=1007, 510, 133
t1463=109, 163, 142, 329
t1464=873, 777, 511, 1100, 1207, 473
t1465=232, 354, 702
t1466=469, 418, 189, 1090
t1467=1170, 890, 404
