totalreqs = 1237
totaltest = 1467
//------------------------------------//
// Test Case Versus Requirements Maps //
//------------------------------------//
t1=705, 571
t2=747, 1225
t3=292
t4=284, 306, 1148, 943, 102, 495, 903, 690, 266, 858, 426, 1174, 454, 948, 742
t5=910, 906
t6=446, 1180, 576
t7=666, 803, 860
t8=896
t9=1170, 402
t10=1165, 387, 451
t11=457, 979
t12=267, 361, 1044
t13=381, 19, 842, 82, 640
t14=751, 1200, 1232, 854, 981, 80, 719
t15=123, 759
t16=1028, 757, 342, 901, 384, 800
t17=1125, 834, 214, 315, 1006, 934, 87, 385, 656, 1106
t18=672, 469, 820, 1152, 900
t19=431, 757
t20=856, 249, 477, 552
t21=779, 1038, 1047, 380, 146, 935, 426, 953, 760, 775, 413, 514
t22=803, 67, 500, 772
t23=1086, 781, 805, 708
t24=1175, 1223
t25=141, 431, 512, 426, 1186, 692, 1156, 447, 721
t26=117, 548
t27=64, 883, 651
t28=294, 821, 599, 938, 278
t29=868, 977, 37
t30=617, 416, 211, 849
t31=578, 418, 659
t32=934
t33=241, 236, 954, 631
t34=1196, 884
t35=613, 748, 1220, 1134
t36=483, 1057, 1233, 1129, 434, 662, 625
t37=1019, 529, 771, 641
t38=247, 668, 704, 251, 757
t39=389, 1040, 200
t40=77, 605, 817
t41=713, 253
t42=1032
t43=664, 652, 598, 747, 826
t44=326
t45=308, 536, 453, 89, 916
t46=694, 870, 231, 206
t47=1230, 92, 1219, 228
t48=559, 211
t49=67, 1023
t50=930, 847, 203, 457, 686, 1066, 1159, 199, 634
t51=342, 1062, 1041, 169
t52=319, 777, 692, 585, 694
t53=444, 1059
t54=726, 312, 760, 981, 1232, 430, 144, 840, 82
t55=1014, 507
t56=478, 1125, 795, 960
t57=750, 213, 845, 606
t58=100, 960, 223, 943
t59=225, 730, 452, 518
t60=1204
t61=1162, 912, 949, 423, 370, 655, 619
t62=82, 1198, 967
t63=831, 75, 87
t64=156
t65=614
t66=779, 783, 727, 711, 464
t67=174, 1078, 83, 47, 784, 523, 940
t68=1034, 433, 85, 672, 107
t69=1064
t70=585, 145
t71=1069, 796, 760
t72=687, 978, 645, 196
t73=573
t74=666, 802
t75=744, 705, 353, 209
t76=177, 443, 70, 767
t77=217, 1165, 685, 181, 908, 933, 74, 751, 1091, 1066, 572, 455, 288
t78=555, 432, 640
t79=149
t80=608, 1177, 745
t81=673, 614, 1003, 57, 877, 900
t82=290, 1072
t83=112, 860, 1058
t84=661, 171
t85=894, 631, 562, 657, 1085, 569, 694, 1173, 627
t86=171, 90, 933, 653
t87=693, 582, 321, 237, 543
t88=1046, 858, 467, 1029
t89=211, 907, 695
t90=991, 138
t91=884, 874, 334, 240, 1181, 139, 257, 733, 631
t92=284, 114, 434, 323
t93=515, 882
t94=736, 739
t95=432, 271, 206, 1200, 744, 1078, 1202
t96=779, 639, 887, 1060
t97=904, 944, 1179, 447, 500, 114, 657, 194, 978
t98=1040
t99=616, 871, 530
t100=504, 540, 623, 1058, 1134, 506, 511, 988, 1189, 292, 271, 1165, 515
t101=475, 324, 228, 578, 235
t102=677
t103=1101, 109, 491, 776, 910
t104=833, 1102, 344, 468, 1036, 930, 681, 212
t105=353, 277, 678, 139, 150, 17, 931
t106=410
t107=180, 1064, 806
t108=428
t109=547
t110=535, 417, 101, 429, 725, 324, 888, 912
t111=193, 160
t112=318, 954, 1196, 848
t113=243, 1235, 986
t114=295, 722
t115=625, 549
t116=194, 831, 309, 871
t117=839, 769
t118=192, 847, 696
t119=390, 541
t120=448, 303, 507, 421
t121=641, 188, 182
t122=169
t123=847, 510
t124=624
t125=66, 896, 1001
t126=1196
t127=903, 1047, 1029, 86, 293, 342, 558, 567
t128=443, 316, 1138, 428, 832, 284, 318
t129=1159, 221, 256, 1144, 1020, 859, 1168, 94, 544, 338
t130=1074, 541, 793
t131=133
t132=357, 956, 901, 164, 223
t133=448, 346, 1065, 470, 285, 892, 134
t134=463, 1003, 847, 1082, 1074, 810, 828, 226
t135=81, 505, 74
t136=594, 102, 500, 512, 552, 380, 656, 319, 885, 827, 897, 751, 773, 1052, 849
t137=636, 341
t138=502, 632, 1068
t139=725, 798, 220, 711
t140=43, 788, 578, 719, 609, 912, 732
t141=412, 687, 933
t142=337, 673
t143=590, 74, 204, 532
t144=613
t145=520, 1027, 1032
t146=1200
t147=325, 733, 673, 473
t148=383, 1060, 660, 556, 372, 501, 59, 1237
t149=357, 548, 767, 1028
t150=635, 1047, 426, 1183
t151=857, 1052
t152=106, 132
t153=893, 985, 1102, 972
t154=1032, 514, 1118, 375, 386, 329, 886, 884, 664, 1163
t155=103, 1209, 708
t156=92
t157=1031, 1167
t158=1187, 497, 1049, 450
t159=1023, 282, 399, 646
t160=1012, 104, 81
t161=307, 779, 758, 644, 439, 843, 696, 1047, 1107, 419, 787, 1037, 324, 79, 151
t162=380, 589, 936, 856, 949
t163=1172, 212, 392, 275, 122, 318
t164=187
t165=349
t166=547, 1031, 306, 3
t167=763, 419, 525, 942, 985
t168=552, 434, 1210
t169=525, 469
t170=1017
t171=213, 1117, 852
t172=1199
t173=1128, 30, 1009, 495, 911
t174=1049
t175=441, 511
t176=1048, 307, 1224
t177=1145, 351
t178=890, 108, 954, 1155
t179=721, 671
t180=740, 919, 1162
t181=105
t182=631, 417, 440, 592
t183=428
t184=413, 162
t185=313, 367, 729
t186=896, 855, 970, 749, 298, 978
t187=586
t188=174, 1059
t189=1148, 663, 1103
t190=584, 842
t191=413
t192=106, 675, 75, 1033
t193=429, 278, 737, 750
t194=628
t195=1115, 432
t196=1223, 760
t197=319, 713, 333, 583, 310, 1202, 1130, 1157, 336, 724, 781, 540
t198=743, 943, 828, 860, 1109
t199=513, 474, 1218, 653, 187, 395, 641
t200=960, 133
t201=83, 974, 1158, 776, 691
t202=272, 473
t203=1028
t204=557, 341
t205=742, 649, 871, 437, 512, 1165, 1066, 364
t206=283, 779, 1159, 715, 1161, 373, 1106
t207=874, 999, 425, 856, 1221, 712, 1129, 761
t208=1027, 331, 830, 137, 776, 900, 463
t209=218, 904, 193, 1227, 353, 97, 427, 1213
t210=891, 852, 997, 1140
t211=755, 234
t212=545, 747, 634
t213=545, 616
t214=732, 972, 595, 650, 969
t215=409, 635
t216=308
t217=1015, 869, 356, 219, 553
t218=89, 106, 1096, 1070, 334, 774, 748
t219=360, 1170, 1156, 391, 1204, 503, 808
t220=685, 762, 1149, 1059
t221=850, 126, 1227
t222=805, 1120, 1116
t223=550, 660, 249, 354, 1221, 902, 389, 631, 322, 122, 871, 1217
t224=95, 1014, 151, 443, 1051, 1223, 1077, 1193, 857
t225=75, 86
t226=640, 776, 1025
t227=210, 1154, 521
t228=1234, 535
t229=214, 139, 401, 447
t230=1207
t231=133, 1005, 1142, 691, 773
t232=919, 246, 364, 908
t233=530, 1189, 273, 825, 1068, 643
t234=133, 1028
t235=106, 270, 264, 1031, 1233, 1122
t236=1122, 939
t237=264, 947, 585
t238=325
t239=674, 209, 927, 588, 177, 811
t240=585, 1097, 400, 908, 1032, 772, 699
t241=925
t242=1043, 866
t243=518, 127, 552, 1195, 973
t244=617, 85
t245=1032, 489
t246=579, 768
t247=1160, 224, 108, 419, 223, 100, 277, 453, 1052
t248=170, 956, 71, 1164
t249=369, 617
t250=636
t251=1051, 664, 1200, 385, 231, 611, 1000, 856, 1008, 159
t252=634
t253=1170, 356, 740
t254=166, 660, 228, 360, 1073
t255=1127, 718, 946, 904, 1074
t256=750
t257=778, 461
t258=1013
t259=740, 1178, 536, 634
t260=1189
t261=547, 85
t262=1081, 774, 1009, 683, 304
t263=686, 981, 63
t264=1235
t265=779, 976
t266=594, 337, 191, 2, 228, 143, 608, 522, 941
t267=205, 437
t268=441, 730
t269=608, 1116, 1200, 913
t270=501, 464
t271=186, 353
t272=480, 1118, 506, 1121
t273=450, 455
t274=247, 319, 885, 174, 864, 1038
t275=946, 136, 147, 819
t276=318, 852, 66, 69, 166, 136
t277=392, 1107
t278=75, 1048, 228, 133, 874
t279=614, 1204
t280=1187, 574, 1190, 432, 782, 696, 468, 824, 960
t281=300, 151, 1193, 71, 645
t282=565
t283=392, 457, 565, 71, 406, 103, 875, 1165, 224, 1150, 918
t284=74
t285=521, 1087
t286=882, 1078, 809, 868
t287=60, 243, 1153, 1012, 499, 542, 1091, 728, 816
t288=452, 558, 1105, 717, 437, 534
t289=449, 717, 1111, 1024, 75
t290=91, 93, 1214, 695, 306
t291=821, 317, 779
t292=542, 710, 659
t293=153, 1073
t294=227, 362
t295=1053
t296=807, 338, 504, 629, 560
t297=1024, 420, 564, 348
t298=191, 957, 662, 1206
t299=1180, 746, 777
t300=896, 959, 1095, 480
t301=185
t302=613, 723, 750, 638
t303=1165, 840, 385
t304=351, 99, 877, 516, 893
t305=709, 856
t306=65, 993, 572, 1107, 67
t307=770
t308=1206, 903, 918, 916, 314, 1098, 145, 269, 331, 306
t309=498, 151, 546, 733, 1234
t310=794
t311=231, 735, 229
t312=1203, 796
t313=104
t314=803, 1196, 799, 1150
t315=458
t316=860, 308, 491
t317=977, 1132
t318=340
t319=850, 799, 28, 237, 259, 1011, 502
t320=576, 588
t321=885, 536, 531, 472, 206, 740, 632
t322=938, 428
t323=163, 190, 641
t324=301, 1094, 346, 1125
t325=103, 1169, 870, 1204
t326=410, 427, 887, 435, 159, 227, 124, 1027, 788, 247
t327=741, 1070
t328=249, 374
t329=767, 311
t330=552, 693, 1085, 608, 593
t331=1133, 675, 310, 158
t332=233, 1033, 270, 532, 547
t333=573, 869, 1053, 587, 284, 576, 866, 724
t334=859
t335=883, 986
t336=625
t337=805, 875, 1146
t338=779, 1109
t339=757, 250
t340=252, 1207, 95, 1089
t341=845, 284, 346, 1104, 970
t342=190, 247, 1162, 1192, 833, 679
t343=509, 1131
t344=631, 235, 471, 861
t345=489, 643
t346=1139, 468
t347=627, 402
t348=510, 248
t349=1222, 1022, 396
t350=278, 579, 879, 948, 925, 754
t351=1099, 792
t352=300, 547, 873
t353=308
t354=681, 23
t355=864
t356=440, 497, 229, 639
t357=882, 91, 235
t358=217, 345
t359=1025, 1179
t360=1179, 1079, 600, 1107, 416
t361=478, 730, 325, 103, 1206, 414, 860, 848, 1028, 335
t362=421, 91
t363=579, 263
t364=209, 337
t365=345, 351
t366=822, 1100
t367=299, 924, 575, 537, 50
t368=815, 972, 1218
t369=1137
t370=1069, 1090, 244
t371=1103, 1224, 376, 595
t372=922, 152
t373=1188, 1025
t374=217, 442
t375=527
t376=514, 24
t377=752, 327, 570
t378=853
t379=741, 790, 961
t380=969, 290, 500, 895
t381=305, 679
t382=262, 167, 605, 425, 404, 442, 408, 1155, 856, 294
t383=738, 240, 188, 600, 865, 1224
t384=314, 608, 831
t385=87, 1119
t386=831, 389, 558
t387=1003, 974
t388=828, 674, 443, 739, 1129, 721, 1186
t389=512, 393, 890
t390=591, 95, 601
t391=249, 934
t392=253, 912, 859, 703
t393=432
t394=756, 440, 193
t395=1032, 752, 113, 428, 594, 181, 552, 269, 1170, 818, 1083, 162, 98, 461
t396=181, 1101, 85
t397=1199, 6, 536, 986, 634
t398=458, 1211, 984, 1042, 64
t399=684, 291, 667, 552, 75, 657
t400=414, 1052, 336, 718
t401=120, 1009, 958
t402=1017, 751, 887, 563
t403=224, 528, 758, 678, 802, 686, 739
t404=1027, 862, 1068
t405=890, 495, 188
t406=1123, 359, 807
t407=1098, 672
t408=31, 925, 589, 1146, 268
t409=381, 173, 1187
t410=785
t411=164, 603, 193, 1041, 599, 491, 1118
t412=524, 476, 310, 849, 730
t413=144, 342
t414=1157, 404, 623
t415=839
t416=98
t417=448, 571
t418=261, 546
t419=354, 419, 721, 1067
t420=581, 762, 851, 568, 1217, 275
t421=303, 932, 559
t422=1217, 327, 412, 827
t423=946, 925, 190, 330, 1028, 352
t424=320, 894, 69, 653, 1002, 639, 214, 630, 1204, 820
t425=450, 573, 604, 1032, 520, 828, 7
t426=479
t427=884, 967
t428=662, 632, 197, 993, 1206
t429=869
t430=15, 506
t431=325
t432=724, 168
t433=806
t434=306, 718, 117, 655
t435=310, 284
t436=915, 174, 966
t437=981
t438=394
t439=954
t440=815, 883, 1214, 386
t441=122, 181
t442=776, 711, 91, 1210, 1188, 305
t443=639, 1083, 412
t444=700, 1096
t445=390, 443
t446=939, 352
t447=1155
t448=318, 763, 896, 73, 323, 663
t449=279, 444, 410, 723, 690
t450=161, 627
t451=524, 215, 219, 682, 411
t452=526, 458, 772
t453=1001
t454=1180, 602
t455=164
t456=419, 140
t457=835, 392, 703
t458=971, 1094, 456, 705, 1030
t459=519, 1027, 1106, 987, 1076, 1085
t460=858, 310, 1016
t461=863
t462=155, 22, 1118, 597, 486, 133
t463=924, 1227
t464=552, 306
t465=645, 259
t466=434, 465
t467=854, 1078
t468=219, 1108, 180, 1231, 1077, 504, 899
t469=614, 288
t470=353, 466
t471=944, 1026
t472=1038, 689, 1023, 578
t473=812
t474=147
t475=1066, 434
t476=666, 833, 1130, 443, 1035, 1173
t477=1004, 1032, 634, 693, 913, 125, 366, 147
t478=200, 1066, 515, 657
t479=904, 733, 561
t480=892, 484, 1074, 1204, 414, 202, 94
t481=840
t482=997, 113, 236
t483=1208
t484=324, 317
t485=1179
t486=1144, 1156, 825
t487=101
t488=802, 998, 766, 600, 129
t489=969, 737, 747, 153, 801, 1006
t490=1066, 132, 956
t491=820, 953, 989, 544, 990
t492=587, 554, 623
t493=152, 499, 335
t494=528, 1030, 334, 1126, 1225, 803, 648, 208, 326, 378, 376, 81
t495=1236, 1202, 254
t496=802
t497=378, 1066, 512, 918, 1062
t498=1168, 1235, 346, 655, 874, 138, 740, 989
t499=452
t500=237, 461, 1172
t501=629, 633, 610
t502=1047
t503=722, 955
t504=1217, 1050, 400, 164, 1094
t505=903, 330, 485, 359, 611
t506=832, 160
t507=323
t508=49, 400
t509=779, 368, 1115, 523, 1119, 1087
t510=130, 425, 201
t511=1187, 779, 824, 153, 286
t512=1106, 1141, 383, 1202, 71, 461
t513=77, 73
t514=499
t515=165, 743, 652, 601, 1080
t516=572, 1214
t517=1026, 733, 820, 830
t518=333
t519=450
t520=890, 443
t521=493, 92, 353, 420, 755, 709
t522=445
t523=232, 247, 382, 179, 871
t524=69, 788, 1073
t525=839, 1100, 358, 345, 265, 1061
t526=462, 701, 1230
t527=587, 1092
t528=483, 1017
t529=340, 672, 353, 380, 351, 805
t530=302, 321
t531=1060, 247
t532=728, 418
t533=154, 758, 705, 702, 747, 312, 967, 307
t534=642, 497
t535=918, 915, 440
t536=180, 411, 876
t537=558, 469
t538=390, 971, 1107, 203, 780
t539=1045, 637
t540=1137, 245, 807, 434, 297, 919, 1149
t541=116, 184, 271, 748, 890, 851, 639, 734, 240, 1077
t542=358, 1220
t543=664
t544=352, 896, 443
t545=224
t546=184, 496, 207
t547=1188, 514
t548=766, 295, 201, 850
t549=715, 430, 306, 1046, 702, 531, 924, 1217, 1118, 217, 393, 694, 424, 290, 633
t550=758, 1083, 691, 69, 425
t551=598, 966
t552=441, 883, 627, 1194
t553=1112
t554=972
t555=724, 1218, 776, 964, 159, 578
t556=393, 648, 288
t557=184, 122, 1153, 1145, 1136
t558=698, 373, 1028, 1140, 179, 145, 243
t559=563, 1135
t560=813
t561=107, 204, 920
t562=380
t563=443, 912, 237, 669, 617, 80, 330
t564=310, 814, 419, 733, 1191
t565=120, 1017
t566=333, 632, 877, 238
t567=558
t568=1066, 683, 1028, 916
t569=393, 471, 577
t570=829, 927, 524, 823, 116, 71, 664
t571=631, 1219
t572=799, 985, 1202, 221, 808
t573=631, 36, 411, 341, 950, 638
t574=779, 538
t575=498, 949
t576=457, 1206, 1217, 508, 1110, 443, 753, 755
t577=242, 812, 912, 94, 1234, 1011, 1064
t578=707
t579=1146, 612, 566, 1231, 996, 887, 455
t580=407, 13, 483
t581=975, 108
t582=398, 726
t583=1195, 691
t584=856, 971, 1038
t585=382, 341, 423
t586=1203, 717, 431
t587=728
t588=1009, 781, 132
t589=1082, 490, 198
t590=1005, 578, 509, 146, 842, 332, 709
t591=433, 137, 438, 912, 291, 701
t592=1236, 969
t593=932
t594=1062, 94, 183, 106, 1025, 131
t595=593
t596=777, 1013, 1022, 1084, 1044, 845
t597=382, 884, 875, 863, 862
t598=930, 1153
t599=300, 228
t600=125, 415, 1190, 909
t601=856, 519, 757, 766
t602=134
t603=551, 590, 264, 195, 726, 500
t604=1157, 517, 1149, 903
t605=1039, 453
t606=1109, 1234, 492
t607=1107, 330, 909
t608=522, 1190, 898
t609=876
t610=531, 538
t611=680, 276, 628, 429, 326, 903, 213
t612=779, 617, 945, 337, 1147, 947
t613=234, 757, 443, 251, 685
t614=163, 752, 677, 867, 652
t615=1220, 665, 992, 481, 92
t616=964, 711, 1049, 1216, 201
t617=460, 456
t618=1003
t619=482
t620=1018, 433, 124, 593
t621=658, 888
t622=1235, 790, 63, 1193, 75, 785, 264
t623=1006, 363, 866
t624=1160
t625=283, 431
t626=1052, 156
t627=729, 307, 822
t628=898, 313, 226, 1142
t629=505, 1202, 269, 322
t630=1165, 99, 321, 408
t631=457, 187, 800
t632=54, 1068, 437, 514
t633=875, 642
t634=1055, 407, 382
t635=765
t636=1200, 217
t637=245, 797, 668, 1206, 72
t638=1019
t639=631, 1130, 824
t640=644, 635, 172, 1200
t641=759, 874, 141, 429, 995
t642=949, 819
t643=306, 1132, 537, 474
t644=337, 514, 303, 1123, 764, 1097, 5, 360
t645=291, 480, 1225, 1041
t646=376, 1003
t647=196
t648=615, 547, 345, 298, 921, 467, 857, 1155, 827, 1104
t649=847, 141
t650=307, 713
t651=236, 550, 494, 904
t652=933, 1195, 524, 655, 271
t653=638, 245
t654=508, 460, 465
t655=746, 1125, 418, 1095, 280
t656=631, 867, 835
t657=877
t658=592, 1032
t659=294, 212, 497, 1229, 872, 544
t660=1178, 92, 691
t661=1223, 345
t662=185, 718
t663=296, 135, 516
t664=676, 1028, 969, 339, 836
t665=920, 242, 249
t666=331, 500, 1021, 649, 821, 780, 122, 1007, 903, 884
t667=71
t668=602, 724, 107, 1211
t669=1018, 797
t670=346, 596, 840
t671=483, 72, 1030, 574, 1127, 172
t672=456, 18, 189, 650, 721, 763, 343, 803, 534
t673=560, 821
t674=361
t675=1099, 716
t676=63, 758, 566, 656
t677=143, 306
t678=497, 611, 1147, 643
t679=938, 1138, 211, 357
t680=318, 828, 1154, 1028
t681=383, 571, 989, 675, 757, 767, 617, 880, 423, 348, 1127, 1056
t682=869
t683=1128, 428, 787
t684=525, 871
t685=868, 314, 325
t686=426, 1206, 1104, 82
t687=690, 1221, 157
t688=572, 75, 394
t689=83, 459
t690=940, 912
t691=602, 1228, 353
t692=626, 474, 113, 572, 591, 1078
t693=320, 436
t694=543, 941
t695=782, 391, 257, 853
t696=260, 396, 89, 688
t697=113, 365, 787, 1179, 1092
t698=274, 315
t699=1093, 818
t700=849
t701=1130, 723, 1097, 474, 1055
t702=1143, 705, 593, 422, 431
t703=243, 67, 693, 698
t704=665, 637, 163
t705=922, 671, 966, 890, 364, 790
t706=380, 922, 279
t707=95, 1210
t708=980, 464, 97, 801, 619, 835
t709=243, 931, 335, 251, 431, 1041, 889
t710=942, 77, 749, 498
t711=863
t712=266, 975, 823, 470, 229, 222, 1058
t713=417, 249, 1197, 401, 963, 967
t714=429
t715=439, 1206, 742, 79, 336
t716=512, 170
t717=703, 931
t718=964, 1202, 260, 69, 1191
t719=831, 283, 549, 240, 145, 530, 907
t720=626, 614, 423, 745, 145, 519
t721=447
t722=441, 739
t723=222, 1182, 733, 999, 1200
t724=462, 585, 750, 768, 1098, 803
t725=804
t726=1054, 917
t727=351, 1109, 175
t728=1189, 1214
t729=1192
t730=191, 1051, 924, 1118, 346, 840, 135, 596
t731=962, 299, 140, 846, 1139, 785, 1218
t732=1232, 448
t733=72, 837, 84, 1179
t734=93, 910, 67
t735=205, 1014, 766
t736=119, 581, 1089
t737=655, 891, 758, 136, 1056, 1012, 110, 703, 1162, 496, 917, 990, 306, 975
t738=871, 263, 884, 187
t739=314
t740=160, 856
t741=939, 696, 1194
t742=724, 1098, 408, 609, 1110, 412, 552, 1209, 1019, 307, 608, 652
t743=1159, 390
t744=969
t745=677
t746=48, 896, 641
t747=1169, 1108, 334
t748=666, 972, 25, 749
t749=609, 310, 578, 785, 1137
t750=666, 32, 1059, 529, 178, 1212
t751=1193, 857, 1179, 919, 230, 933
t752=805, 724, 878, 1041, 1236, 1106, 900, 269, 783, 398, 93
t753=1118
t754=538, 305, 771
t755=735
t756=737, 1160, 173
t757=850, 813, 306, 734, 741
t758=1008, 223
t759=315, 1184
t760=1198, 862, 1070
t761=382
t762=488, 1021, 161, 138, 1143, 552, 1183
t763=94, 828, 408, 326
t764=363, 539, 1205, 560, 541
t765=439, 274, 1141
t766=588, 597, 76
t767=663
t768=1003, 970
t769=998, 702
t770=915, 483
t771=573
t772=809
t773=251, 831, 41
t774=169, 690
t775=939, 336, 959, 1236, 571, 197, 480, 496, 220
t776=1173, 968
t777=277, 1057, 205, 502, 1041
t778=69
t779=487, 625
t780=369, 216, 703
t781=396, 699, 912
t782=231, 1135, 733, 905
t783=779, 990, 461, 1237, 1228, 685, 151, 96, 855
t784=260
t785=660, 590, 123
t786=878, 614, 640, 909
t787=609, 354
t788=906, 907
t789=457, 465, 1162
t790=1133, 923
t791=568, 1006, 581, 651
t792=190, 1045, 1128, 1059, 724, 500
t793=313, 558
t794=150, 166, 713, 497, 1165, 215
t795=353, 316, 62, 1086, 164, 916
t796=720
t797=354, 470
t798=1052, 553, 160, 436, 175, 908, 1225, 709, 738
t799=320
t800=523, 110, 957
t801=448, 1141, 42, 65
t802=1005, 356, 1204
t803=968, 616, 422
t804=404
t805=855, 593, 1025, 936, 313, 770
t806=1017, 713
t807=152, 1071
t808=647, 742
t809=269, 492, 1079, 413, 399
t810=969, 133, 1042, 815
t811=1207, 1200, 468, 785, 344
t812=106, 836, 879, 1014
t813=919, 1236, 489, 259, 1204, 664, 902, 500, 325
t814=282, 1196, 1114
t815=306, 975, 1070, 109, 317, 382
t816=332, 1028, 417
t817=1093, 510, 610, 616
t818=529, 979, 1204, 233, 778
t819=847, 12, 958
t820=430, 712, 1038, 148, 409
t821=306, 821
t822=1117
t823=883, 138, 627, 578
t824=926, 547
t825=1050, 570, 513
t826=1007, 619
t827=155
t828=53, 440
t829=942, 1063, 992, 880
t830=869, 1077, 1014, 656
t831=323, 774, 1068, 188
t832=581, 779, 642, 927, 858, 416, 918
t833=1059, 304, 578, 1192, 1043, 802
t834=622, 520, 1082, 607, 668
t835=748, 1132
t836=1076, 1060
t837=994, 1165
t838=643, 756
t839=409, 238
t840=581, 378
t841=397, 672
t842=1201, 361, 294, 486
t843=8
t844=235
t845=666, 884, 16, 958, 871
t846=559, 991, 1020
t847=661, 474, 952, 1179, 942, 153
t848=356, 770, 512, 1168
t849=846, 1012, 733, 558, 259, 368, 193
t850=903, 115, 938
t851=897, 531
t852=1225, 377, 495, 412
t853=616, 221, 1175, 480, 552, 775, 1126, 903, 988, 562, 67, 875
t854=369, 899
t855=219
t856=988, 1056, 872, 360, 1045, 435, 385, 530, 1031, 840
t857=478, 67, 1032
t858=795, 173, 1065, 181
t859=533, 133
t860=101, 402
t861=1200, 237, 1014
t862=1044, 318
t863=725, 1002, 1088, 350, 1228, 1084, 515
t864=286, 1216, 754
t865=589, 785, 256
t866=1033, 1170, 672, 314, 802, 104, 437, 205, 158, 106, 870, 483, 67, 763, 759, 1045
t867=907, 668, 84, 478, 1218, 1201, 122
t868=69
t869=1189, 61
t870=654, 327, 569, 613
t871=1189, 402, 313, 997, 316
t872=256, 879, 646, 779, 302, 664, 89, 381, 426, 691, 380
t873=67, 1165
t874=1127, 508
t875=1157, 901, 842, 276
t876=240, 440, 832, 796
t877=1023, 793, 586, 1028
t878=324, 710
t879=440, 1105, 485
t880=788, 665, 1149
t881=1068, 1189, 938, 622
t882=995
t883=271, 639, 1132, 947, 1232, 672
t884=450, 620
t885=306, 959
t886=1118, 122
t887=928, 684, 880, 358, 534, 569, 671, 631, 189, 141, 597
t888=631
t889=643, 713
t890=380, 1098, 1171
t891=576, 1099, 612, 549
t892=393, 214, 655, 1202, 514
t893=557, 972
t894=1101, 862, 500, 1192, 715
t895=1067, 1101, 27, 239
t896=1144, 1018, 176, 982
t897=949
t898=330, 609
t899=130, 1127, 1050, 707, 219, 776, 325, 1139, 514, 708, 1014, 1030, 276, 819
t900=397, 1065, 810
t901=850, 860
t902=159
t903=883, 885
t904=448
t905=468, 800
t906=873, 824
t907=691, 936
t908=289, 560
t909=691, 917, 580, 1015, 752, 482, 383, 747, 843, 604, 586, 217, 972, 233, 1043, 880, 995, 847, 179
t910=1173, 104
t911=532, 1230, 255
t912=358, 715
t913=287
t914=639, 1028, 286, 253, 773, 969, 651, 379, 1174, 909, 103, 429, 448, 787, 11
t915=491, 516
t916=1180, 423, 553
t917=648, 829
t918=332, 35, 313, 804
t919=678, 171, 654
t920=333, 1174, 428, 115, 365, 724, 926, 1184, 847, 804, 81, 1000, 924, 539, 320, 1014, 228, 1080, 479
t921=457, 1126, 212, 692, 967, 928
t922=840, 557
t923=874, 918
t924=1185, 1015, 952, 1183, 971
t925=1150, 340, 221
t926=705, 397
t927=702, 1112
t928=846, 382, 426, 122, 778
t929=591, 1055, 1157, 1148
t930=1233, 1059, 421, 1083, 601
t931=811, 1146, 507
t932=728
t933=106
t934=486, 711, 731
t935=336, 230
t936=1160, 337, 900
t937=1072, 229
t938=860, 991, 1130, 215, 408
t939=596, 717, 228, 838, 1070
t940=127, 278, 341, 503
t941=351, 1151, 622, 1030
t942=274, 122, 541, 767
t943=550, 481
t944=84, 358, 1183, 871
t945=907, 871, 69, 1101, 394, 330, 998
t946=884, 931
t947=1186
t948=983, 779, 339, 924
t949=703, 304, 691, 1118
t950=510, 1163
t951=941, 887
t952=300
t953=70, 558, 206, 365, 757, 641, 201, 351, 133
t954=1076, 974
t955=1066, 205, 624, 184
t956=385
t957=306
t958=309
t959=1000, 1073, 222
t960=1037, 1156
t961=115
t962=1031, 85
t963=797, 1034, 428
t964=907, 549, 550
t965=850
t966=819, 264, 14, 308, 621
t967=1096, 779, 488, 893, 294, 984
t968=472, 638
t969=165
t970=133, 39, 426
t971=443, 780
t972=541
t973=930
t974=144, 1156
t975=540, 1055, 839, 600, 1061, 264, 441, 915, 1217
t976=883, 182, 634, 561, 969, 1169
t977=554, 297, 1202, 751, 1169, 957, 81, 318
t978=1074, 575
t979=577, 816, 680, 380, 413, 1050, 1155, 1030, 658, 265
t980=1151, 294, 169, 255
t981=9, 126
t982=1186, 1036, 151, 1144, 119, 892, 962
t983=480, 246, 987
t984=1028
t985=905
t986=920, 900
t987=234, 770, 1024, 1007
t988=388, 83, 1159
t989=1097, 872, 571, 471, 142
t990=1019, 424, 215, 131, 343, 727, 98, 413, 1050, 644, 776, 26, 494, 871, 522, 1059, 996, 835
t991=252, 98
t992=297, 1055, 777
t993=88, 471, 704, 91, 900
t994=856
t995=286, 847, 812, 894, 722, 476, 1066
t996=589, 962, 769, 124
t997=238, 269, 680, 791, 544, 68, 1222, 903, 51, 664, 970, 1160, 1167, 1002, 1143, 782
t998=428
t999=1013, 584
t1000=160, 1228, 193, 453, 732
t1001=353, 1014, 601, 871, 206, 1055
t1002=984, 896
t1003=280, 413, 264
t1004=415, 354
t1005=382, 72
t1006=1106, 784
t1007=273, 262, 439, 1202
t1008=501, 252, 792
t1009=1226, 441, 102, 699, 167, 508, 77, 560, 315
t1010=227
t1011=788, 1206, 310, 683, 445, 386, 336, 1112, 1196, 979, 267, 286, 969, 703, 1158, 89, 584, 116, 383, 727
t1012=1022
t1013=1212
t1014=448, 1054, 628, 893, 879
t1015=338
t1016=905, 564
t1017=838, 817, 92, 442, 971, 631, 697
t1018=133, 388, 350, 1134, 332, 748
t1019=511, 185, 122, 1107
t1020=1226, 268, 1197, 891
t1021=713, 1044, 932, 1148, 353
t1022=1164, 836
t1023=154, 424, 195, 781
t1024=152, 341
t1025=510, 610
t1026=315, 839, 708
t1027=357
t1028=1010, 1129, 490, 875
t1029=716, 659, 167
t1030=473, 1215, 350, 850, 392, 809, 646, 52, 508, 184, 955, 240
t1031=1095
t1032=892, 409, 405
t1033=1129, 770, 497, 1068
t1034=187, 468, 1193
t1035=865, 996
t1036=1214, 129, 924, 112
t1037=131
t1038=1026, 454, 210, 334
t1039=510, 1013, 471
t1040=841, 523
t1041=202, 325, 131, 1102, 742, 553, 1125
t1042=176, 918
t1043=20, 1035
t1044=1084, 1023, 664, 1181
t1045=724
t1046=847, 844, 460, 923
t1047=333, 838, 261, 1199, 517, 395
t1048=108, 792
t1049=218, 147, 802
t1050=951, 514, 441, 449, 72
t1051=479, 758, 983, 230, 929, 1054, 811, 403
t1052=634
t1053=412
t1054=1021
t1055=914, 937
t1056=742, 1017, 87, 228, 313, 293
t1057=1159, 511, 1166, 872, 1128, 937, 1186
t1058=592, 306, 691, 927, 603, 577, 1179, 856, 158
t1059=699, 621
t1060=195, 370
t1061=779, 65, 1009
t1062=204, 1052
t1063=96, 152, 267, 615, 287, 1078, 992
t1064=101, 500, 881, 658, 362
t1065=289
t1066=460, 184
t1067=187, 915, 117, 578
t1068=1016, 89, 478, 776
t1069=166
t1070=976, 1021
t1071=768, 211, 1118, 691, 392
t1072=768
t1073=1195, 815, 426
t1074=555, 293, 987, 830, 392
t1075=713, 547, 900, 219, 426, 293, 635
t1076=296, 212
t1077=970, 662
t1078=809, 844, 229, 768
t1079=691, 394, 258
t1080=1172, 882, 316, 278, 1066, 711, 802
t1081=97, 684, 227, 479
t1082=950
t1083=901, 403
t1084=963, 756, 779, 846
t1085=502, 322, 953, 918, 127, 827, 719, 552, 740, 877
t1086=1074, 1234, 1164, 840, 1016, 247, 1180, 903
t1087=961, 382, 95, 864
t1088=897, 905, 437, 727
t1089=390, 355
t1090=233, 1204
t1091=871, 784, 591, 461, 557
t1092=1055, 1033, 1124, 247, 1125
t1093=1086
t1094=1098, 226
t1095=887, 1183
t1096=661, 627
t1097=631, 1147, 643, 1166
t1098=1066, 1009, 106, 686, 485, 387, 354, 167
t1099=979, 447, 148
t1100=760, 750, 679, 838
t1101=484, 595, 172
t1102=195, 837, 903, 1179, 1134, 483, 298, 550, 1149
t1103=72, 1106
t1104=906, 803, 691, 1066, 366
t1105=827, 687, 440
t1106=1148
t1107=1021, 1186, 258
t1108=1224
t1109=723, 388, 1056
t1110=384
t1111=556, 620, 724
t1112=769, 468, 983, 132
t1113=912, 1030, 383, 1096
t1114=505
t1115=337, 785, 499
t1116=720, 643
t1117=257
t1118=516, 856, 912, 120, 933
t1119=377, 881, 761, 614
t1120=332, 167, 267, 248
t1121=532, 415, 1031, 1215
t1122=391, 413, 280
t1123=4
t1124=733, 857, 583
t1125=1066, 969, 786
t1126=497, 719, 254
t1127=922, 468, 555, 874
t1128=1139, 464, 321
t1129=1120, 230, 881, 955, 393, 417, 571
t1130=323, 834, 476, 759
t1131=127, 764, 136, 900, 544
t1132=552, 1226, 246, 551, 924, 177, 1205, 255
t1133=510, 676, 694
t1134=70, 327
t1135=798, 634, 1084, 55
t1136=425, 503, 281
t1137=1113, 553, 998, 275
t1138=1035, 556, 864, 565, 349, 75
t1139=861, 1015
t1140=799, 72
t1141=983, 635
t1142=92, 949
t1143=415
t1144=72, 826, 1072, 388
t1145=714, 417, 332
t1146=179, 327, 1063, 286, 432
t1147=436, 1166
t1148=1044
t1149=462, 802, 497, 426
t1150=78, 346
t1151=1120, 247, 951
t1152=431, 1113, 1203
t1153=854, 841, 365, 401, 121, 787
t1154=829, 1004
t1155=598, 908, 961
t1156=832, 322, 1071, 1066, 653, 670, 174, 276, 644, 121, 694
t1157=470, 921, 630
t1158=1114
t1159=1077, 336
t1160=349, 403, 1009
t1161=1156
t1162=274, 842, 673, 1227, 899, 1129, 441
t1163=884, 432, 597, 969, 78, 958, 496
t1164=896, 769, 691, 953, 1137, 525, 34, 301, 296, 428, 1048, 785, 647, 702, 655, 235
t1165=157, 570, 953, 115, 1228
t1166=499
t1167=462, 736
t1168=727, 283
t1169=727, 982, 1138
t1170=1033, 259, 1077, 688, 791, 89
t1171=591, 260
t1172=1052, 895
t1173=182, 993
t1174=1142, 1108
t1175=933
t1176=166
t1177=443, 169
t1178=863, 1112, 1162
t1179=760, 724, 702, 284, 1219, 231, 423, 1196, 677
t1180=581, 815, 1088, 577, 857, 965
t1181=438, 1090, 1017, 1208, 592
t1182=547, 1050, 794
t1183=597, 64
t1184=850, 406
t1185=472, 1090, 1009, 1075, 533, 973
t1186=1235, 1237
t1187=1207
t1188=999
t1189=178
t1190=241, 594, 1120, 429
t1191=1077, 1109
t1192=1086, 809, 300, 1118, 408
t1193=1157, 860
t1194=724, 436, 413, 1206, 1161, 858, 550, 647, 531
t1195=488, 348, 773, 774, 1047, 1052
t1196=1067
t1197=847, 913, 618, 1234
t1198=709, 1132, 1115
t1199=219
t1200=1140, 696, 264, 1198
t1201=552
t1202=304, 168, 1055, 1223, 963, 680, 289
t1203=728, 207, 88
t1204=196
t1205=593, 386, 836
t1206=469, 1160, 232, 1200, 1153, 789
t1207=900, 411, 373, 192, 1217
t1208=77, 1051, 253
t1209=1109
t1210=279, 874, 541, 245, 864, 787
t1211=1105
t1212=924, 1068, 380, 928, 373
t1213=709, 1149
t1214=945, 744, 103, 454, 1157
t1215=755
t1216=136, 580
t1217=644
t1218=1100, 566
t1219=412, 251
t1220=1141, 78
t1221=597, 996
t1222=704, 259, 690
t1223=949
t1224=1098, 373, 758, 649, 1, 71, 710, 1090, 408, 149, 299, 1228, 169
t1225=66
t1226=1156
t1227=38, 1078, 822, 477
t1228=722, 1234
t1229=824, 302, 147, 402
t1230=526, 188
t1231=372, 554, 10, 431, 411, 600
t1232=1111, 218
t1233=419, 390, 820
t1234=1172, 387, 869, 700, 412, 779, 1081, 784, 317, 785, 398, 608
t1235=206, 241, 475, 641
t1236=757, 263
t1237=118, 46, 434
t1238=179, 598
t1239=616, 284, 691, 110, 553
t1240=1099, 487, 239, 282, 741, 361, 164, 445, 354, 1060
t1241=883, 58, 636
t1242=683, 1191, 235
t1243=405, 805
t1244=274, 819
t1245=167
t1246=825, 289
t1247=778, 653, 987, 482, 514
t1248=1155, 1130, 105
t1249=458, 156
t1250=285, 128, 426, 1052
t1251=753, 479, 481, 670, 210, 900
t1252=1168
t1253=503, 734, 1229, 746, 674, 892, 124, 262, 705, 1217
t1254=1193, 893
t1255=533
t1256=889, 491, 1169, 1172, 206
t1257=544, 1008, 709, 997, 507
t1258=434, 572, 826, 914, 1149
t1259=310, 921, 224
t1260=900, 547, 1096, 1076, 21, 1177, 317, 187, 1204, 521, 731, 679, 106, 67
t1261=207
t1262=345, 640, 841, 378, 199
t1263=384, 844
t1264=333, 562, 1050
t1265=135
t1266=1152, 689
t1267=1162, 702, 344
t1268=558, 1146, 72
t1269=831, 1047
t1270=549, 538
t1271=366, 1063, 789, 299, 560
t1272=786, 1053, 1171, 866, 137, 456
t1273=567, 648, 840, 530, 299
t1274=911, 748, 1033, 920, 874
t1275=304, 114, 502, 464
t1276=696
t1277=967, 232, 304, 1189
t1278=250, 448, 536
t1279=827, 724, 696, 425, 527, 508
t1280=989, 588
t1281=108, 724
t1282=665, 949
t1283=994, 1026
t1284=270, 1109, 118, 322, 1096, 1102, 172, 321, 168
t1285=798
t1286=312, 247
t1287=40, 563, 669, 603
t1288=673
t1289=742
t1290=666, 294
t1291=759, 588
t1292=429, 205, 724, 441, 123
t1293=910, 142
t1294=835, 1013
t1295=611, 1215
t1296=811
t1297=951, 661
t1298=1159, 371, 1068, 1234
t1299=63, 658
t1300=71, 673
t1301=458, 447, 750
t1302=912, 631, 1066, 1086, 803
t1303=96, 608, 107, 901, 285
t1304=466, 526, 384, 318, 90, 45
t1305=106, 721, 779, 143
t1306=394, 567, 128
t1307=1147, 1025, 1122
t1308=387, 815, 1200, 474
t1309=240, 614
t1310=1043, 1038, 568, 85
t1311=617, 182, 1066, 514, 328
t1312=918, 1068, 210, 589, 252, 1088, 89
t1313=804, 145
t1314=639, 349, 499
t1315=320, 1107, 665
t1316=780, 753, 371, 241, 952, 912, 217
t1317=375, 882
t1318=295, 649
t1319=997
t1320=192
t1321=1051, 700
t1322=820
t1323=353, 247, 924
t1324=989, 267, 840, 377, 212
t1325=201, 935, 416, 1182, 834, 94, 317, 1109, 1030, 1179
t1326=319, 834, 1196, 702, 1189
t1327=883, 1105, 269, 965
t1328=653, 1200
t1329=969, 257, 886
t1330=598, 985
t1331=1179, 447
t1332=121, 317, 446, 325
t1333=374, 1004, 1121, 945, 406, 267
t1334=734, 290
t1335=307, 1068
t1336=231
t1337=365, 183, 319
t1338=696, 113, 393
t1339=819, 969
t1340=346, 1131, 484, 462, 1001, 1063, 896
t1341=349, 290, 732, 977, 1031, 1211, 821
t1342=188
t1343=574, 63
t1344=146, 558, 108
t1345=536
t1346=1127
t1347=649, 1091, 303, 366, 460, 693, 1189, 264, 839
t1348=461, 106, 422, 599, 206, 1039, 567, 1161, 33, 1152, 466, 789, 353
t1349=924, 329, 1200, 540, 1191
t1350=333, 216, 134
t1351=335, 822, 958, 44, 845, 806, 704, 724, 303, 944, 900
t1352=983, 450, 1185
t1353=901, 706
t1354=885, 825
t1355=198, 77, 793
t1356=273, 175
t1357=877, 428, 764, 395, 1228
t1358=239, 503
t1359=413
t1360=639, 513
t1361=449, 333, 468
t1362=810
t1363=583
t1364=767, 333, 309, 905
t1365=271, 310, 886, 1075, 942, 1164
t1366=761, 582, 772, 133, 1213, 405
t1367=1068, 419
t1368=847, 450, 896, 647, 662
t1369=274, 925, 715, 294
t1370=553, 1170, 703, 856, 84, 1084, 333
t1371=1136
t1372=196, 149, 194, 997, 929, 420
t1373=784, 800, 815, 71
t1374=1203
t1375=669, 697
t1376=160, 887, 328, 1005, 390, 1176, 715, 969, 440, 993
t1377=168, 1023
t1378=1023, 868
t1379=527, 992
t1380=331, 888
t1381=729, 972, 534
t1382=852, 540, 736, 1224, 1237, 227, 284
t1383=765, 355
t1384=746, 1213, 1109
t1385=509, 974, 896, 847, 295
t1386=459, 1132
t1387=1135, 1097, 856
t1388=1226, 825, 558, 301
t1389=776, 56, 74, 265, 624, 1159, 208
t1390=579
t1391=479
t1392=228, 817, 793
t1393=379, 1109
t1394=328, 1144, 320
t1395=854, 1128
t1396=706, 1038, 732, 1072, 468, 1004
t1397=271, 550, 325
t1398=1135, 318, 1148
t1399=760, 1232, 612, 257
t1400=391, 113, 388, 755
t1401=632, 949, 367, 705, 723, 72
t1402=217, 1043
t1403=682, 838, 188
t1404=872
t1405=412, 939, 816, 1145
t1406=644, 1110, 891
t1407=1214, 1176
t1408=201, 1082
t1409=951, 667
t1410=693, 965
t1411=762, 752, 828, 439, 29, 639, 342, 588
t1412=617, 766
t1413=776, 373
t1414=329, 1026, 972
t1415=336, 1149, 491
t1416=272, 412, 578
t1417=172
t1418=392, 68
t1419=302, 733
t1420=371, 382, 311, 889
t1421=1031
t1422=674
t1423=1086, 411, 890, 859, 1065
t1424=106
t1425=650, 953
t1426=607, 924, 251
t1427=173, 1095
t1428=601, 840, 1202
t1429=351, 1146, 1069, 1226
t1430=950, 1202, 244, 1197
t1431=425, 142, 331, 1140, 958
t1432=1014, 614, 159, 721
t1433=678, 648, 267
t1434=225, 236, 1123, 457, 421, 993, 635, 828, 278, 877
t1435=926, 1026, 652, 330, 936, 1128, 959, 281
t1436=378, 750, 307, 1124, 1098, 188, 687, 441, 695, 1148, 1115
t1437=77, 423, 954, 344, 825, 620, 847, 347, 792, 733
t1438=709, 1217
t1439=667, 467, 546, 274
t1440=1050, 730
t1441=397, 665, 490, 1000, 872, 694, 1140
t1442=148
t1443=877, 701
t1444=814, 439, 623
t1445=180
t1446=1028, 789, 715
t1447=912, 310, 145, 214, 382, 575, 112, 234, 1109, 938, 469
t1448=330, 107, 1134
t1449=632, 896, 475, 623, 1130, 714, 275
t1450=977, 1044, 893, 451, 141, 1028
t1451=1085, 1200, 127, 1021, 325, 733
t1452=618, 152, 1217, 989
t1453=1032, 893, 982
t1454=1145, 218
t1455=1010, 1098, 606, 1200, 1224
t1456=746
t1457=863, 658, 740
t1458=364, 965
t1459=111, 1070
t1460=76, 477
t1461=823, 796, 499, 495, 973, 347, 1018, 1218
t1462=493
t1463=177, 186, 548
t1464=980, 314, 747
t1465=1153, 738, 144, 305, 561, 117, 217, 1235, 1180
t1466=997, 479, 317, 202
t1467=111, 636
