totalreqs = 1237
totaltest = 1467
//------------------------------------//
// Test Case Versus Requirements Maps //
//------------------------------------//
t1=91
t2=154, 753, 333, 501
t3=407, 611
t4=168, 746
t5=491, 681, 311, 174, 661, 841, 575, 1186
t6=1078, 990, 266, 511, 501, 432
t7=907
t8=1081
t9=110, 250, 454, 826, 197, 991, 1205
t10=413, 518
t11=102, 449, 956
t12=1038, 351, 983, 206, 846
t13=425, 1168
t14=585, 284
t15=744, 41
t16=586, 1157, 833
t17=508, 905
t18=638, 743
t19=339, 795, 895, 594
t20=609, 1072
t21=312, 980, 475
t22=1168, 1213, 358, 645
t23=1152, 192, 163, 818, 454, 906, 861, 621, 375, 948, 627
t24=152, 1174, 874, 805, 752, 481, 1141, 1204, 520, 1000, 1091
t25=669, 792, 668, 1107
t26=257, 596, 1108, 747, 530, 203, 628, 85
t27=1071, 160, 393
t28=421, 707, 281, 373, 122, 963, 869, 573
t29=187, 966, 979
t30=1181, 1085, 370, 805, 606, 624
t31=943, 825, 817, 878, 128, 182, 242, 1030, 386, 62, 656, 1115, 1074, 185
t32=781
t33=430
t34=1052, 989, 718, 148, 276, 1085
t35=1117, 396, 329, 595
t36=663, 172
t37=726, 637, 355, 1126
t38=585, 95, 155
t39=236
t40=466
t41=1038, 470, 1137, 980, 444, 548
t42=260, 583, 691, 1123
t43=300
t44=237, 428
t45=1184, 1140, 231, 845
t46=70, 100, 58
t47=117, 1072, 642, 74, 969
t48=722, 86, 837, 141
t49=268
t50=341, 160, 230
t51=409, 89, 968, 677, 838
t52=760, 792
t53=604, 305, 805, 883, 1185
t54=853
t55=1224, 325, 218
t56=434, 1235
t57=151, 259, 137, 81, 661, 257, 398
t58=578, 1151, 610, 21, 712
t59=550
t60=1184, 455
t61=752, 1002, 190
t62=6, 997
t63=1089, 296, 199, 55, 1017, 602, 719
t64=698, 601, 1024
t65=74, 477, 912, 475, 928, 772
t66=1151, 1110
t67=1151, 1010
t68=463, 1063, 1092, 1061, 690, 271, 414
t69=952, 683, 135, 462, 776, 1153, 511, 1227, 220, 675
t70=1207, 598, 1194, 322, 510
t71=642, 756
t72=919
t73=115, 447, 1042, 905, 758, 822, 1003, 339, 301, 1169, 1040, 763
t74=913, 423
t75=1138, 234, 473, 312, 1233, 348, 232, 889, 344, 577, 489
t76=86, 753
t77=360, 712
t78=1210, 176
t79=736, 588, 851, 600
t80=429, 339, 888, 525, 723, 769
t81=531, 986, 1152, 1182
t82=341, 236
t83=1060, 731
t84=865, 583, 1041
t85=190, 874
t86=108
t87=783, 599, 347, 510
t88=252, 248
t89=1084, 645, 557
t90=1153
t91=1201, 816, 805
t92=1150, 485, 556, 380, 422, 34, 1020, 503, 978, 378
t93=531, 788
t94=587, 606, 630, 537
t95=890, 271, 355, 335, 960, 255
t96=742, 670, 577, 701, 420
t97=1075, 828
t98=312
t99=533, 570
t100=1092, 1034
t101=364, 552, 643
t102=1043, 1181
t103=1173, 1022, 808
t104=419, 196, 495, 25, 314
t105=1145, 236
t106=155, 361, 1060, 729, 402, 1220, 789, 742, 522, 362
t107=1236
t108=1092, 17, 411, 391
t109=981, 439
t110=1079
t111=1049, 286, 225
t112=392, 509
t113=86, 763, 1032, 1100, 902, 558, 988, 797, 230
t114=699, 889, 1218, 1010, 814
t115=840, 1179, 311, 923
t116=1153, 166
t117=623
t118=923, 613
t119=105
t120=439, 1030, 181
t121=339, 661, 1049, 203, 1033, 962, 696
t122=937, 846, 959, 1105
t123=547
t124=163, 96
t125=897, 81, 899, 736, 1210
t126=454, 254, 204, 425, 57
t127=1014, 1110, 653, 432
t128=825, 918, 1196
t129=67, 1210, 448
t130=129, 267
t131=901, 851, 668, 1028, 795, 360, 587
t132=546
t133=1083, 311, 1107, 790, 827, 697
t134=738, 1189, 182
t135=191, 1105
t136=270, 360, 547, 90, 253, 288, 872, 262
t137=665, 269, 84, 118, 1014, 1222
t138=924
t139=284
t140=131
t141=1219, 823, 832, 857, 314, 412, 409, 181
t142=671, 482, 139, 1002
t143=224, 268, 384, 953, 446, 99
t144=888, 1033, 617, 444, 536, 1193
t145=1231, 779, 448
t146=1015, 267
t147=482
t148=706, 528
t149=440, 434, 275, 583, 397
t150=1153, 158, 476, 628
t151=458, 787
t152=655, 1022
t153=248, 528, 151, 1132
t154=282
t155=664, 694, 1223, 437, 828, 1096
t156=1024, 1190
t157=753, 1221, 681
t158=203, 657, 73, 722, 1018, 1028
t159=364, 803, 195, 246, 243
t160=1159
t161=724, 1223, 503, 154, 401, 469, 1197, 329, 699
t162=676, 172, 999, 405, 1228
t163=923, 84, 496, 1037, 763, 707, 329, 442, 1002, 365, 232, 173, 775
t164=273, 841, 88, 551, 993, 924, 799, 1196, 1201, 222
t165=747, 934
t166=518, 328, 734, 480, 313, 83
t167=676, 257
t168=71, 1050, 477, 320, 522, 496
t169=1223, 1065
t170=985, 914, 758, 907, 266
t171=513, 913, 1095, 605, 144
t172=824, 728, 482, 1164, 524
t173=920, 56
t174=1127, 1213
t175=157, 595, 244, 563, 901, 953, 1063, 527
t176=536
t177=1088, 936, 472, 111, 562, 966
t178=131, 359, 163
t179=1217
t180=474, 860, 225, 866
t181=95, 951
t182=1166, 338, 1142, 517
t183=467, 690
t184=961, 976, 855, 458
t185=589, 574, 453, 305
t186=803, 1000, 115, 110, 995
t187=233, 1142
t188=1040, 1235
t189=1175
t190=1102, 413
t191=1224, 948, 1178, 1142
t192=752
t193=650, 601, 360
t194=563, 806, 589
t195=276, 374, 454, 800, 711, 303
t196=1184, 928, 681, 1163
t197=72
t198=1139, 1210, 574, 826, 952, 659
t199=1193, 259, 1006
t200=532, 543, 998, 997, 913, 878, 1104, 78, 757, 71, 162, 537, 614, 1168
t201=1224, 433
t202=808, 4, 782, 1053
t203=113, 1132, 230, 227, 537, 83, 74, 925
t204=325, 577, 1169, 876, 591, 836, 604, 1214, 674, 526, 840
t205=158, 490, 477, 987, 366, 753
t206=204, 798, 1000
t207=1001, 254, 350, 237, 1025
t208=193, 554, 1093, 688, 811, 1020, 211
t209=1222, 951, 747
t210=899, 838, 669, 734, 97, 649, 225
t211=537, 115, 900
t212=1150, 152
t213=640
t214=928, 194
t215=900, 1136, 1152, 1078
t216=267, 411
t217=505, 477, 583, 599
t218=222
t219=66, 1009, 558, 587
t220=1216, 686, 121, 355
t221=64, 1050, 364
t222=599, 984, 189, 1153, 78, 815
t223=901, 646, 143
t224=1095, 774, 674
t225=1229, 1225, 576
t226=342, 852, 422
t227=424, 460
t228=890, 1116
t229=179
t230=343
t231=806, 1064
t232=640, 382, 831, 1106, 631, 260
t233=523, 360, 221, 545, 1164
t234=268
t235=389
t236=955
t237=7, 641
t238=324, 146, 214, 785, 889, 341, 910
t239=84, 907, 403, 849, 782
t240=944, 1167
t241=1235
t242=988, 471
t243=663, 1040, 841, 620, 119
t244=962, 219, 612
t245=707, 230
t246=229, 838
t247=335, 535, 687, 478, 1128, 1220, 160, 1130, 822
t248=1145, 902, 202, 1157, 925, 689, 271
t249=1114, 1210, 515, 251
t250=237, 537
t251=701, 397, 651
t252=669, 230, 279, 876, 574, 703, 584, 894
t253=161
t254=404
t255=344, 809, 1094, 546, 646, 1087, 913
t256=399
t257=506, 1156, 905
t258=1003, 928, 464
t259=995, 697
t260=685
t261=1182, 307, 498, 189
t262=819
t263=100, 901
t264=716, 191
t265=35, 805, 944, 635
t266=898, 265, 1045, 591
t267=930, 473, 827, 752
t268=353
t269=667, 436
t270=962, 121, 145, 85, 307, 506
t271=902, 362, 443, 542, 834
t272=72
t273=341
t274=215, 853, 241, 478
t275=276, 1092, 196, 415, 592, 303, 205, 262, 838
t276=832, 1222
t277=171, 325
t278=259, 1180, 296, 324, 174, 1064, 392, 995, 741
t279=523
t280=1093
t281=1034, 741, 96, 876
t282=868, 894, 932, 584
t283=597, 648
t284=346, 954, 63, 698
t285=86
t286=432, 341, 795
t287=760, 616, 811, 142
t288=1018, 949, 853
t289=984
t290=740, 824, 1215, 833
t291=238, 160, 1199, 281, 18, 445, 493, 1202, 1069, 202, 324, 473, 9, 270, 203, 887
t292=213, 230, 1008, 209
t293=934, 792, 1061
t294=627
t295=839
t296=824
t297=852
t298=825, 350
t299=1152, 226, 196, 500, 524
t300=333, 1212, 981, 801, 372, 457, 606
t301=1221, 1138
t302=331
t303=821, 846, 1067, 329, 1198, 341
t304=336, 289, 469, 616, 728, 407
t305=314, 650, 759, 1082, 157
t306=199, 238, 992, 886
t307=234, 1023, 341, 660, 1222, 471, 1053, 79, 653, 1027
t308=685, 721, 606
t309=981, 906, 1200, 1022, 348, 585
t310=257, 870, 1134, 162
t311=326, 970
t312=892, 338, 792, 878
t313=1082
t314=1122, 71, 756
t315=82, 1156, 851, 994, 258
t316=392, 174, 593, 1233, 580, 124
t317=1043, 152, 636, 1005, 290, 8, 371, 195, 731, 393, 377, 973, 67
t318=1224, 311
t319=1212
t320=1075, 743, 218, 201, 252, 597, 480, 320, 1012, 243, 1215
t321=962, 152, 1191
t322=1061, 990
t323=692
t324=1157, 1050
t325=580, 276
t326=100, 863, 399, 473
t327=898
t328=810, 609
t329=408, 915
t330=268, 936
t331=1143, 1103, 67
t332=74, 225
t333=753, 912, 741
t334=853, 486, 546
t335=313, 123
t336=409, 1197, 695
t337=960, 145, 322, 905
t338=458, 842
t339=837
t340=173
t341=330, 101
t342=204, 969, 488
t343=989, 1150, 683
t344=744
t345=818, 1110, 73, 1106, 665, 1173, 78
t346=764, 557
t347=332, 700
t348=661, 916, 648, 539, 473, 854
t349=88, 935, 820, 355, 1210
t350=769, 1102, 969, 381
t351=324, 1004, 892, 638, 1218, 846, 1043, 490
t352=247, 849, 149
t353=1180, 311, 694, 970, 108
t354=149, 811, 539, 66
t355=608
t356=722, 615, 339, 105
t357=88, 441
t358=154, 484, 130, 1206, 1112, 1154
t359=1093
t360=908
t361=702, 661, 1010, 658, 776, 926
t362=879, 957, 1002, 985, 754, 895, 672, 505, 339, 264, 321, 1201, 153, 92, 14
t363=622, 999
t364=722, 285
t365=87, 1152, 109, 754
t366=818, 487
t367=71, 976, 836, 490
t368=259, 554, 78, 226, 1186, 1098, 1019
t369=1165
t370=631
t371=326, 1090, 776, 1216
t372=394
t373=919
t374=76, 558, 735
t375=1109, 937
t376=492, 529
t377=699, 1037, 180, 100, 198, 1150, 1032, 556, 994, 946, 806, 1059, 232, 102, 717, 1026, 1176, 258
t378=804, 263, 868, 1126, 927, 622, 703, 1009, 600
t379=347
t380=116, 907, 121
t381=1080, 1155, 1195, 572
t382=1236, 510, 160
t383=1233, 385, 90, 1150, 867, 184, 1108, 230, 268
t384=844, 117
t385=1206, 959, 78, 1237, 654, 104, 426, 257, 376, 435, 283, 904, 212, 427, 406
t386=255, 28
t387=1043
t388=873, 799, 289
t389=288, 544, 543, 551, 405
t390=113, 1090, 801, 720, 485, 320, 583, 565, 442, 829
t391=1029
t392=248, 756, 640, 239
t393=1125, 477, 1223, 765, 1136
t394=741, 1022
t395=66, 451, 701, 757
t396=844, 138, 385, 390, 964
t397=1071, 758
t398=173, 895, 1067
t399=677, 875, 227, 167
t400=995
t401=522, 1161, 975
t402=975, 420, 762, 771, 1150, 1057
t403=616, 932
t404=845, 301, 501, 305
t405=1007, 260, 1162
t406=1120, 1195
t407=682, 1218, 939
t408=245
t409=235, 341, 1204
t410=855, 652, 118, 520
t411=797, 412, 1035
t412=898, 319, 1138, 121, 363, 128
t413=1118, 888, 224
t414=1189, 1217, 435, 238, 170
t415=61, 283, 1078, 1025, 808, 575, 211, 1034, 854
t416=438, 761, 1210, 197, 924, 775, 950, 257, 381, 210, 460
t417=567, 616, 100, 1233, 565
t418=842, 482
t419=607, 349, 250
t420=463, 984
t421=1181, 82, 578, 386, 405
t422=681
t423=997, 1084, 859, 549, 413, 424, 508
t424=454, 287, 743, 944, 1158, 1067
t425=499, 1021
t426=800, 1038, 1026, 324, 413, 1220, 104
t427=464, 917
t428=119, 876
t429=339, 215
t430=1052, 962, 1159
t431=402, 850
t432=1198, 800, 977, 756, 1006, 907, 751
t433=856, 889, 530
t434=857, 792
t435=99
t436=386
t437=154, 86, 775
t438=505, 808
t439=1032, 992, 1069, 409, 570, 1213, 837, 444
t440=414, 1012, 368, 299, 382
t441=1016, 923, 687, 140, 610
t442=1223, 115
t443=1011, 758, 81, 108, 956
t444=800, 322
t445=1064, 848, 113, 354
t446=1088, 1175, 1227, 1018
t447=471
t448=87, 1030, 534
t449=1049, 487, 443, 1233
t450=339, 981, 161, 841, 728, 613, 915
t451=93, 648, 747
t452=565, 737, 1177
t453=1066, 798, 740, 758, 807
t454=1197
t455=643, 758, 848
t456=672, 184
t457=482
t458=100, 644
t459=583
t460=602, 257, 987, 262
t461=83, 1171
t462=642, 66, 493, 953
t463=1026
t464=112, 714, 538, 1032, 537, 250, 478
t465=1150, 982, 759, 37, 1133
t466=1087, 331, 937, 975
t467=1048, 843, 526, 969, 986, 413
t468=865, 460
t469=549, 1165, 560
t470=1003
t471=837
t472=244, 1013, 1135, 952, 179, 410, 369
t473=536, 650, 127, 600, 1144, 776, 343, 702, 462, 375, 620, 541, 722, 281, 1050, 998
t474=440, 325, 1057, 238, 508
t475=382, 995, 1003
t476=151, 1170, 244, 838, 481, 1233, 234, 1145, 641
t477=487, 458
t478=424, 1067
t479=470
t480=1101, 828, 226, 1079, 766, 1007, 437, 139, 474
t481=1032, 42, 120, 642, 858
t482=656
t483=1060, 697
t484=305, 903, 604
t485=1115, 876, 538, 934
t486=345, 888
t487=1127, 1100, 1203
t488=145, 91
t489=155, 847
t490=371, 298
t491=773, 442, 1166, 867
t492=169, 668, 750, 758, 1188
t493=629, 337, 364
t494=866, 1088, 492
t495=394, 305
t496=1209
t497=1026, 619, 674, 1178, 284, 707
t498=678, 193, 265
t499=173, 263, 65
t500=982
t501=603, 161
t502=589, 776, 1007
t503=565
t504=333
t505=1174, 365, 196, 1133, 212, 542, 912
t506=730, 710
t507=832, 861
t508=339
t509=582, 364, 1026, 319, 601
t510=438, 509, 592, 129, 933, 218, 619
t511=835, 820, 232, 1192
t512=152, 874, 959, 760, 1093, 737
t513=1114, 279, 1034, 1204, 177, 99
t514=210, 1120
t515=508, 905, 103
t516=786, 1216
t517=359
t518=466
t519=506, 667
t520=351, 229, 1022, 104, 328, 942, 794, 1212, 513, 1083, 1127, 1039, 925, 501, 913, 1025
t521=1068, 243
t522=352, 189, 349
t523=1213
t524=12, 95, 805
t525=235, 92, 1201
t526=790, 326
t527=638, 298, 881
t528=489
t529=560, 146, 310, 185
t530=83, 261, 714
t531=173, 1168
t532=425
t533=145, 1017
t534=148, 716, 892, 719
t535=210, 436
t536=662, 473, 791, 248
t537=726, 339, 1209, 426, 368, 1140, 679, 251, 599, 784, 789, 492
t538=576
t539=388, 1029
t540=656
t541=1013, 199, 187, 839, 178, 630
t542=1022, 1187, 1222
t543=1087
t544=585, 1189
t545=84, 71, 1218, 1127, 375, 227
t546=1088, 601, 806
t547=444, 539, 570, 470, 165, 495, 801
t548=678, 123
t549=655, 919
t550=940, 989, 963, 906, 275, 1176, 1043, 822, 190
t551=375, 521
t552=1201, 1077
t553=1094, 359, 225, 892, 92, 99
t554=862, 442, 1081, 340, 524, 1092, 883
t555=808, 675, 684
t556=1056, 1091, 617, 282
t557=841, 129, 1179, 423
t558=1011, 328
t559=1026, 186, 402, 716, 766
t560=898, 254
t561=883, 1162
t562=477, 178, 199, 458, 84
t563=1233, 1003, 77
t564=1206
t565=434, 876, 907
t566=1119, 830, 117, 1233
t567=456, 136, 1043, 697, 319, 1024
t568=541, 135
t569=732, 78
t570=732, 1210, 578, 889, 708, 479, 822, 934
t571=826, 145, 329, 463, 1013
t572=1163, 494, 650
t573=1113, 130
t574=1198, 462, 183, 975, 201, 625, 1235
t575=110, 136, 614
t576=328, 220, 937, 148, 353, 156, 479, 271, 693, 218, 1178
t577=401, 354, 801, 1231, 329, 412
t578=205, 841
t579=1009
t580=669, 597, 711
t581=1217, 10
t582=756, 13, 480, 299
t583=425, 270
t584=399, 379, 648
t585=1026
t586=339, 430, 1183, 173, 1025
t587=264, 362, 802
t588=1153, 915, 612, 614, 897
t589=1150, 333, 963
t590=433, 528
t591=343
t592=744
t593=461, 999, 1004, 907, 435
t594=1111, 580, 1110, 995
t595=811, 119, 536
t596=248, 818, 791, 367, 500, 514, 421, 1157, 717, 270
t597=227, 1030, 829, 465, 937, 1000
t598=1199, 952
t599=886, 1054, 1165
t600=458, 805, 1131
t601=115, 318, 737, 460, 940
t602=71
t603=552
t604=76, 905, 838, 1156, 267, 102, 632, 474, 53, 973, 1029
t605=1187, 317, 97, 277
t606=744, 1067, 708, 1055, 1052, 412, 1222, 116
t607=90, 991
t608=72, 437, 953
t609=613, 493, 971, 341
t610=756, 199
t611=112, 413, 93
t612=484, 849, 1178
t613=1096, 706, 857
t614=261, 1051, 477, 126
t615=79
t616=1218, 71, 1185, 755, 1177
t617=595, 822, 941, 1148
t618=784, 815, 923
t619=862, 853, 3, 158
t620=182
t621=1014, 97, 910, 867, 574, 145, 1000
t622=271, 932, 92
t623=676, 303
t624=643, 160, 993
t625=1069
t626=749, 774, 743, 657
t627=249, 656
t628=480
t629=413, 468
t630=360, 1002, 1105, 486, 839, 385, 1162, 889, 46, 674, 78, 388
t631=1122, 768, 524, 380, 171, 720, 763, 952, 539, 1119, 1184, 516
t632=821, 1190, 220, 104
t633=628, 637, 927, 215
t634=679, 591, 453, 427, 925
t635=919, 119, 128
t636=322, 631
t637=962, 623
t638=341, 272, 427
t639=805, 522, 82, 1203, 988, 979
t640=82, 375, 197, 507
t641=771, 88, 811
t642=1170, 835, 137
t643=501, 293, 877, 958, 857
t644=519, 1210, 913
t645=79, 1163, 1024, 187, 130, 815, 609, 772
t646=608, 180
t647=412
t648=280, 876, 145, 684, 396
t649=640, 408, 1008, 297
t650=1027
t651=666
t652=672, 801, 566, 1222, 933
t653=1058
t654=1183, 71
t655=268, 519
t656=540, 647, 947, 183, 988
t657=448, 433
t658=1050, 714
t659=767, 614, 763, 367
t660=218, 381, 206
t661=800, 1069, 973, 689
t662=596, 1053, 182, 271, 1165
t663=1148
t664=809, 429, 205, 1125, 161, 466
t665=227
t666=1202, 884
t667=658, 341, 984, 68, 1152
t668=1147, 836, 344, 480
t669=699, 290, 870, 811, 1192, 71, 723, 638, 318, 748, 864, 598
t670=1130, 400, 972, 1151, 465, 901, 159
t671=1185, 859, 162, 176, 988, 1164, 629, 407, 266, 298, 216, 103
t672=801, 395, 575
t673=1129
t674=78, 848
t675=104, 277
t676=339
t677=1184, 959, 544, 669
t678=819, 78, 745, 581
t679=1024, 261, 613, 368, 1178
t680=171, 981
t681=779
t682=231, 642, 276
t683=1088, 71, 788
t684=642, 289, 1226, 315, 865, 306, 543
t685=469, 1099, 201, 960
t686=510
t687=895, 263
t688=66
t689=74, 979, 321, 730, 838
t690=1016, 615
t691=908, 924, 745, 1133, 382
t692=142, 716, 1192, 1174, 394, 1220
t693=315
t694=461
t695=1053
t696=467, 339
t697=358, 876
t698=22
t699=1120
t700=1093, 83
t701=889, 101, 988, 715, 390, 1059, 1067, 501, 931, 695
t702=361, 1054, 294, 572, 644, 804, 299
t703=820, 818, 730, 1041, 129
t704=1080, 158
t705=595, 1064, 434
t706=106, 111, 271, 381
t707=1221, 1019, 824, 242, 1165
t708=165, 755
t709=1016, 1030, 933
t710=327, 189
t711=638, 1208
t712=662, 1025, 656
t713=1229, 911, 134, 801, 710
t714=831, 1184
t715=185
t716=1092, 1048, 555, 150, 824
t717=1182
t718=542, 412, 356
t719=126, 486, 119, 883, 220
t720=195
t721=71, 665
t722=1190, 671, 1198
t723=1089, 270, 447, 243, 1036
t724=203, 746
t725=1174, 357, 722, 921, 554
t726=884, 543, 527, 168, 81, 441, 1033, 206, 684, 120, 312, 945, 1174, 145, 616, 1013, 66, 442, 832, 1032
t727=375, 946
t728=1092, 665
t729=1230, 306, 796, 730, 410, 219, 556, 907, 119
t730=268, 522, 664
t731=1039, 694, 507, 330
t732=1092, 803, 113, 1124
t733=696, 822, 731, 63, 1025
t734=473, 495, 757, 406, 1232, 80, 1010, 965
t735=598, 756, 535
t736=1016, 937, 942
t737=446, 830
t738=938, 958, 1170
t739=691, 405, 521
t740=855, 97
t741=1100, 325
t742=392, 424, 1234, 257, 123, 626, 857
t743=1106, 274, 1217
t744=412, 1050, 319, 777
t745=774, 470, 415
t746=1028
t747=541
t748=341, 1068, 1155
t749=310, 1225
t750=295, 975, 694
t751=351, 544, 302, 30, 984, 115, 567, 977, 440, 217, 202, 668, 499
t752=635, 265, 688, 389, 1097, 898, 1049, 1057, 909, 384
t753=388, 355
t754=427
t755=829
t756=70, 816, 891, 544
t757=1184, 539, 339
t758=1077, 210, 918, 975
t759=240, 541, 941, 437
t760=739, 320
t761=1222
t762=663, 561
t763=657, 97
t764=255, 1164, 429
t765=38, 542
t766=106, 82
t767=875, 413, 661, 793
t768=100, 213
t769=265, 233, 531, 1065, 316, 318
t770=825, 580, 933, 997, 465, 565, 1226
t771=324, 1063, 78
t772=276, 545, 1181
t773=955, 1026, 1205
t774=645, 608, 886, 1066
t775=642
t776=1030, 988
t777=226, 952, 1166, 959, 1086
t778=864, 786, 621, 983
t779=1236, 418
t780=218
t781=1140
t782=825, 571
t783=1091, 805
t784=1024, 791
t785=207, 1170, 805, 505, 1082, 850
t786=765, 1023, 857, 816
t787=963, 956, 90, 679, 1109
t788=457
t789=559, 579
t790=892, 528
t791=541
t792=1215, 194, 71, 1016, 537, 1008, 401, 1113
t793=646, 894, 755, 534, 1185
t794=89, 889, 698, 290, 908, 711, 1058
t795=183, 1153
t796=668, 950, 480, 94, 774, 256, 582
t797=763, 505, 131, 169
t798=221
t799=1057, 1151
t800=1177, 540, 437, 470
t801=505, 518
t802=902, 278, 128
t803=591, 502, 551, 861, 329, 1006, 561, 1103, 785
t804=205, 406, 1159, 166
t805=960, 937, 65
t806=390
t807=259, 385, 374, 1081, 902
t808=528, 381
t809=1083, 1112
t810=872, 270
t811=275, 365, 544, 824, 860, 279
t812=504, 415, 99, 396, 231, 820, 82, 339, 637
t813=934, 478
t814=1153
t815=68, 106, 790
t816=144, 752, 234, 128, 157
t817=708, 271, 997, 1231, 459, 853, 174, 1166, 473
t818=899, 172, 335
t819=884
t820=133
t821=401
t822=450, 90, 1219
t823=1132, 781, 874, 1172
t824=220
t825=99, 774
t826=235, 408, 1199, 998
t827=536, 1093, 739
t828=334, 271, 65
t829=454, 341, 477, 621, 11, 832
t830=411
t831=203, 995, 234, 642
t832=1129, 378
t833=926, 385
t834=1211, 869, 756, 1003, 112, 78
t835=927, 1095
t836=137
t837=327, 415, 412, 1075, 900, 449, 1106, 915, 712, 1178
t838=974, 419, 1084
t839=1192, 1139, 694, 1113
t840=749, 1184, 248, 553
t841=567, 888
t842=931, 146, 1115, 328, 259, 152, 288
t843=336
t844=1042, 626, 373, 422, 800, 548, 280, 880, 945, 1157, 801, 894, 409, 964, 16, 381, 1048, 693, 697, 217
t845=396, 1075, 1048
t846=182, 971, 305, 660, 826, 1205, 287
t847=416, 1107, 905
t848=291, 1208, 760, 1112, 937
t849=841, 106, 423, 1184
t850=743, 801, 1193, 1207, 1222, 409, 778
t851=163
t852=939, 133, 801
t853=903, 828
t854=1096, 539
t855=925, 1213, 539, 145, 1151, 1062, 510, 546, 168
t856=1106, 1019
t857=609, 581, 720
t858=252
t859=253, 685, 315, 225
t860=977, 953
t861=925, 857, 566, 702, 1087, 680
t862=506, 430, 1134
t863=771, 971, 1087, 66, 571
t864=712, 920, 133
t865=753, 1185, 1184
t866=1158
t867=833, 1209, 1126, 80, 438
t868=435, 730
t869=1048, 826
t870=1045, 238
t871=989, 95, 93, 106
t872=1030, 544, 821, 486
t873=984, 311, 230, 1109
t874=614
t875=995
t876=828, 651, 935, 1169
t877=355, 1091, 302, 312, 100, 962
t878=345, 140, 1078, 171
t879=770, 245, 556, 847, 998, 659
t880=711, 884
t881=833, 385, 933, 235, 1092
t882=803, 83, 181
t883=656, 681
t884=743, 344, 1159, 252, 369, 695, 910, 883, 266, 644
t885=746, 902, 113, 209, 299
t886=973, 787
t887=342
t888=33, 801
t889=47, 960, 996, 285, 795
t890=782, 228, 536, 790, 942, 483, 895
t891=286, 1022, 894, 823, 783
t892=106, 782
t893=597
t894=995, 297
t895=808, 319
t896=1133, 888, 440, 1155
t897=453, 1088, 894, 145
t898=820, 896, 847, 900, 626, 524
t899=487
t900=972
t901=1157, 275, 65
t902=473, 685, 943, 263, 1048
t903=1184, 568
t904=193
t905=547, 975, 599, 958, 696, 252
t906=343, 770
t907=441, 218
t908=938, 196, 238, 766, 177, 269, 312
t909=173, 1198, 967
t910=1178
t911=1109, 136, 740
t912=941, 309, 523, 624, 80, 394
t913=622
t914=78, 675, 324, 690, 528, 20, 967, 1016, 196, 969, 957, 66
t915=1186, 1215
t916=922, 221, 51
t917=1091, 561, 738
t918=582, 171, 1045
t919=278, 352
t920=145, 898, 394, 158, 321
t921=510, 289
t922=92, 991, 1166, 1209, 490
t923=380, 176
t924=903
t925=435, 63, 792, 1073, 907
t926=1146, 924, 236, 374
t927=466, 867, 148
t928=113
t929=478, 674, 1036, 772, 543
t930=801, 415, 242
t931=921, 918
t932=490, 633, 462
t933=699, 1035
t934=1142, 1150, 82, 422, 1127, 746, 425, 967, 491
t935=965, 238, 960, 1219, 998, 756
t936=197
t937=525
t938=1120, 552, 449, 283, 396
t939=265, 341, 1068
t940=1222, 927
t941=441, 127, 1143
t942=901, 984
t943=1032, 1154
t944=720, 413, 908
t945=435, 125, 949, 241
t946=370, 661, 1210, 846
t947=187, 649
t948=636, 531
t949=769, 746, 88, 876, 993, 947, 324, 1224, 995
t950=1093, 426
t951=1144, 847, 820
t952=1111, 478, 72
t953=1034, 1082, 375, 203, 115, 764, 116, 310, 964, 716, 634, 1146, 1066, 27, 988, 704, 626
t954=532
t955=1144, 607, 1172, 657, 759, 361, 692, 945, 818, 702, 618, 367, 898, 964
t956=420, 114
t957=575, 737
t958=758
t959=537, 589
t960=703, 148
t961=31, 845
t962=1212
t963=946, 470, 1041
t964=652, 448
t965=228, 218, 116, 1129
t966=1044, 266
t967=1051, 100
t968=774, 354, 1112
t969=512, 257, 1161, 368, 1069, 145
t970=442, 275, 1198
t971=1088, 300
t972=849, 1073, 339, 275, 823
t973=1088, 813
t974=1080, 337, 923, 786
t975=121, 870, 898
t976=494, 197, 714, 320
t977=537, 437, 1024, 74, 142
t978=955, 1028, 1211, 151
t979=845
t980=204, 861, 823, 685, 1166, 640
t981=890, 913
t982=311, 1161, 138
t983=348
t984=134, 661
t985=852, 813, 86
t986=973, 853, 569, 546, 360
t987=1067
t988=341, 687
t989=654, 174, 1186, 667, 966, 83, 499
t990=223, 1118, 821, 1055
t991=912
t992=893, 1235, 315, 767, 145
t993=473, 835, 238, 665, 387, 372
t994=399
t995=570, 1134
t996=1090, 806
t997=234, 1064
t998=833, 715
t999=1021
t1000=226, 245, 591, 819, 86, 1065, 529, 170
t1001=583, 485, 113, 923, 1153
t1002=1050, 1043, 748, 281
t1003=68
t1004=231, 288
t1005=632, 296, 978
t1006=796, 482, 656, 363
t1007=790
t1008=727, 1004, 704, 676, 705, 892
t1009=557, 1115, 324, 846, 71, 589, 732, 1106
t1010=901, 1001
t1011=668, 148, 1148, 808, 402
t1012=246, 436, 64
t1013=758
t1014=1015
t1015=417
t1016=69, 1208, 337
t1017=881, 1090
t1018=913, 481, 487, 1117
t1019=697
t1020=208, 279
t1021=729, 1088
t1022=400, 205
t1023=857, 994
t1024=931
t1025=1014, 645, 904, 1135, 281, 826, 1031, 576, 1224, 512, 625, 1032, 709, 614
t1026=1173, 650, 857, 718, 734, 532
t1027=647, 155, 409
t1028=1004, 145
t1029=609, 1146, 913, 1099, 435, 610
t1030=230, 528
t1031=261, 1202
t1032=1191, 777, 543, 646
t1033=273, 148, 72, 725, 1091, 613
t1034=236, 63
t1035=708, 164, 1153
t1036=445, 1014, 635
t1037=1014
t1038=981, 627, 1235, 545, 608, 964, 1027
t1039=288, 668, 299, 405, 683, 294
t1040=1047, 996
t1041=1104, 1223, 899
t1042=112, 674, 5, 347, 953, 877, 990, 567, 466
t1043=642, 68
t1044=686, 1174
t1045=780, 145
t1046=771, 192, 977, 238, 853
t1047=145, 658
t1048=246, 852, 1008, 528, 589, 646, 1202
t1049=910, 334
t1050=1076
t1051=748
t1052=164, 746, 1191, 645
t1053=873, 339, 763, 1049, 207, 1110
t1054=239
t1055=280
t1056=596, 1111
t1057=238, 203
t1058=634
t1059=320
t1060=68, 301, 399
t1061=810, 510
t1062=1194, 1211
t1063=218, 265
t1064=1185, 225, 974, 401
t1065=580, 791
t1066=108, 341
t1067=427
t1068=1031, 383, 933
t1069=86, 1203
t1070=772, 203, 790, 591, 473, 1110, 1177
t1071=1008, 407, 976, 1085, 238, 458
t1072=1218, 1032, 596, 449, 304, 196
t1073=231, 267, 882, 900, 147, 311, 1119
t1074=481, 145
t1075=594, 204
t1076=409, 604
t1077=962, 843, 353, 1232
t1078=78, 218
t1079=1068, 866, 902, 473
t1080=548, 696, 604, 716, 1013
t1081=1056, 203, 199, 551
t1082=1188, 129
t1083=497, 69, 1128
t1084=1200
t1085=246, 388, 1047, 1160, 905, 465, 1227, 913, 792
t1086=1153
t1087=234, 659, 834
t1088=488, 218
t1089=805
t1090=275, 855
t1091=861, 504
t1092=939, 210, 616, 304
t1093=565, 380, 754, 1149, 700
t1094=312, 725, 995
t1095=218, 23, 844
t1096=145, 1177, 118, 313, 713, 1046
t1097=245, 79, 884
t1098=86, 1022, 952
t1099=44, 622, 1025, 1150, 1177, 893, 902
t1100=171, 754
t1101=997, 583, 474, 138
t1102=1061, 1202, 1146
t1103=893, 709, 1032
t1104=227, 90, 835, 54
t1105=332, 160, 556
t1106=522, 927, 913
t1107=378
t1108=1127, 786, 72, 855, 485, 1124
t1109=1010, 107, 183, 727, 172
t1110=880, 838, 603, 368
t1111=257, 808, 1143
t1112=1227, 554
t1113=363, 89, 84, 397
t1114=295, 1182
t1115=1130, 459, 330, 735, 1160, 203, 505
t1116=71, 737, 625, 609
t1117=259, 854, 346, 674
t1118=984, 364, 456, 1210, 187, 917, 787, 89, 425, 805, 102
t1119=334
t1120=876, 313, 1055, 1144
t1121=759, 670, 94, 524, 880, 1172
t1122=821, 1070, 533, 891, 965, 787
t1123=679, 276, 171, 32, 907, 1094, 911, 723
t1124=822, 482, 464, 210, 844
t1125=360, 167, 800, 344, 677, 550, 747
t1126=1167, 166
t1127=888, 469, 72, 876, 943, 1068, 1203
t1128=1071, 896, 324
t1129=860, 679, 1030, 155
t1130=348
t1131=858, 471
t1132=413, 278
t1133=687, 340, 808, 673, 807, 639, 267
t1134=580
t1135=1024, 142, 432, 597, 71
t1136=582, 1179, 1223
t1137=127, 637, 645, 319
t1138=808, 1098, 727, 401, 402, 383, 228
t1139=857, 542, 817, 141
t1140=1076
t1141=421
t1142=976
t1143=307, 305
t1144=239, 557
t1145=104
t1146=892, 1121, 65, 1153, 134
t1147=534, 1141, 726, 937
t1148=1233, 680, 1022, 498
t1149=672, 555, 301, 292, 92, 329, 616, 307, 867, 1213, 812, 375, 767, 115
t1150=359, 178, 113, 1142, 26, 959
t1151=24, 645
t1152=417, 281, 762, 1207, 459
t1153=681, 606, 714, 74, 123, 445
t1154=769
t1155=1034, 763, 779
t1156=480, 1164, 646
t1157=1185, 457, 1080, 261, 716, 153, 394
t1158=1004, 813, 473, 293, 1190, 392, 1037
t1159=469
t1160=43, 596
t1161=377, 434, 699, 1177, 339
t1162=154, 586, 963, 619
t1163=733, 759, 1192, 701, 1210, 655, 266, 993
t1164=729, 1227
t1165=1144, 732, 828, 155
t1166=763, 1035, 195, 806
t1167=873, 751
t1168=464, 1176, 859, 154, 1150, 1097
t1169=724, 645
t1170=633, 811, 695
t1171=1117, 1067, 185
t1172=483, 507
t1173=1223, 237, 1147, 97
t1174=838
t1175=1230, 1064, 188, 1073, 69, 614, 381
t1176=102, 1213
t1177=81, 955
t1178=607
t1179=805, 420
t1180=180, 1142
t1181=89
t1182=902, 1191
t1183=893, 927, 1120, 616
t1184=765, 1234, 457, 188, 798, 296, 375, 323, 80
t1185=599
t1186=240, 471, 1149
t1187=1036, 412
t1188=931, 1149, 642, 964, 510, 577, 96, 340, 148, 1150, 969, 251, 230, 761, 926, 280, 1060
t1189=987, 1062, 944
t1190=928, 1020, 177, 256, 296, 583, 424, 430
t1191=742
t1192=765, 338
t1193=1125, 1190, 933, 601, 1171, 819, 469, 452, 752, 75
t1194=794, 1012, 119
t1195=175, 1058, 753, 649, 161, 319, 197, 187, 878, 1100
t1196=83, 703
t1197=470, 906, 871, 218
t1198=274, 833
t1199=443, 1235, 937, 644
t1200=444, 981, 1105
t1201=219, 410
t1202=403, 695
t1203=162, 522
t1204=188, 762, 929
t1205=205, 646
t1206=691, 323, 520, 1088
t1207=345, 150, 1236
t1208=563, 368, 667
t1209=901, 588
t1210=1092, 902, 1235, 895, 906, 1210, 115
t1211=955
t1212=367, 1180, 1050, 1062, 596
t1213=375, 878
t1214=450, 438, 356, 1070, 528, 539
t1215=339, 1153, 502, 611, 660
t1216=408, 640, 910, 156
t1217=295, 650, 640, 902, 95, 975
t1218=926
t1219=1081, 455
t1220=517, 718, 605, 375, 143, 1043, 981, 953, 1209, 810, 294, 1152, 986
t1221=510, 220, 596, 156, 595, 236, 471
t1222=944, 614, 279, 1186, 325, 71, 132, 406
t1223=93
t1224=618, 355
t1225=341, 1212
t1226=320, 507
t1227=545, 308
t1228=125, 1095, 680, 197, 1058, 615
t1229=508, 536
t1230=87, 396, 1147, 240, 879
t1231=617, 756, 971, 1194
t1232=1121, 964, 76, 433, 808, 1072
t1233=1123, 398, 102
t1234=89, 501
t1235=1022, 466, 15, 562, 850
t1236=1130
t1237=52, 472, 501, 270, 466
t1238=1204, 107, 1150, 745
t1239=187, 175
t1240=1091, 730, 746, 388, 437
t1241=195, 848
t1242=285, 229, 820, 868, 569
t1243=816, 848, 321, 642
t1244=792
t1245=800, 112, 913
t1246=842, 1161, 164
t1247=537, 154, 1125, 999
t1248=301, 513, 284, 1166, 716, 413
t1249=919, 581, 990, 50, 739
t1250=600, 75, 884, 227
t1251=1016, 211, 658, 924
t1252=537, 155, 238, 240, 656
t1253=709, 93, 568
t1254=834, 251
t1255=1159
t1256=1067, 1185
t1257=547, 537
t1258=1112, 422, 259, 98, 177, 1178
t1259=427
t1260=307, 712
t1261=937, 359, 234, 507, 1202, 77, 390, 186
t1262=276
t1263=158
t1264=782, 381, 1160, 981, 905, 437, 254
t1265=901, 89, 405, 771
t1266=937, 683, 104
t1267=1119, 930, 290
t1268=797, 1087, 261, 1234, 526
t1269=431, 384, 681
t1270=1074, 473
t1271=825, 396, 505, 371, 584
t1272=994, 614, 859
t1273=822
t1274=836, 642
t1275=822, 506, 670, 253, 961
t1276=514
t1277=203
t1278=428, 639, 449, 396, 1209, 1232, 305, 882
t1279=173, 409, 450, 756, 351
t1280=442, 962, 394
t1281=778, 127, 1085, 806
t1282=381, 606, 571
t1283=84, 878
t1284=1046, 322
t1285=673
t1286=656, 357, 1003, 128, 124, 728, 174, 581, 277
t1287=669, 626
t1288=1045, 733, 583, 696, 848, 705, 742
t1289=1200, 763
t1290=819, 470
t1291=176, 72, 990
t1292=728, 592, 138
t1293=1007, 78, 1161, 975
t1294=1082, 590, 505, 63
t1295=624, 148, 235, 478, 446, 180, 662, 78
t1296=78, 431, 544, 804, 834, 1093, 844
t1297=187, 963, 48, 145, 767, 1088, 752, 1209, 1040
t1298=366, 1107, 851
t1299=649, 503, 92, 749
t1300=599, 882
t1301=607
t1302=871, 1069, 632
t1303=385, 307, 106, 721, 406, 951
t1304=93, 555, 112
t1305=1024, 778, 553
t1306=757, 381, 29
t1307=243, 579, 812, 752
t1308=71, 775, 1167, 148, 799
t1309=747, 1107
t1310=19
t1311=241, 368
t1312=200, 358, 820
t1313=1036, 1015
t1314=68, 1134
t1315=572, 64
t1316=1046, 224
t1317=901, 160
t1318=606, 251, 1086, 736
t1319=1207, 1146, 135, 1205
t1320=746, 1094, 887, 916, 843
t1321=116
t1322=223
t1323=375, 463, 1237, 990, 1172
t1324=596, 950
t1325=824, 171, 1178, 1044
t1326=712, 1126, 176, 702
t1327=163, 533, 875, 1084, 932, 1161, 275, 922, 350, 1137
t1328=366
t1329=457, 317
t1330=302, 135
t1331=822, 1155
t1332=1093, 719, 252
t1333=1009, 334, 207, 329
t1334=507, 522, 672
t1335=674, 1060, 196
t1336=566, 968, 543, 876
t1337=272, 825, 468, 924, 368
t1338=60, 1126, 72, 564
t1339=74, 460, 1063, 1041
t1340=115, 841, 216, 940
t1341=753
t1342=696, 568
t1343=882, 569, 1178, 328
t1344=749, 1067, 545, 129, 667
t1345=877, 92, 644, 1176, 438
t1346=838
t1347=510, 1005
t1348=1061, 479, 252, 706, 1210, 444, 1059
t1349=301, 1217, 152
t1350=1205, 1030, 448, 1068
t1351=327, 1228, 909, 104, 572
t1352=941, 661
t1353=701, 929
t1354=623, 1000, 606, 461, 614, 876
t1355=1098, 913, 939, 1088
t1356=440, 820, 405
t1357=92
t1358=811, 763
t1359=364, 132, 380, 496, 1040, 413, 1007, 301, 291, 778
t1360=1176, 902, 661, 239
t1361=122, 393, 920, 400, 1229, 114, 501, 1178, 159, 399, 420, 292, 544, 756, 136, 962
t1362=863, 1198, 247, 254
t1363=415, 1174
t1364=708, 1182, 590, 761, 999, 311
t1365=628, 494, 900, 1042
t1366=309, 537
t1367=975, 373, 901, 260, 164, 232
t1368=774, 404, 299, 194, 74, 539, 218, 259, 1226, 199
t1369=94, 385, 500
t1370=413, 515, 299
t1371=152, 564, 144, 190, 719, 982, 277, 758, 480, 788, 363, 257
t1372=177, 885, 45, 666, 76, 1125, 235, 981, 487, 1048
t1373=36, 234, 812, 824, 416, 1112
t1374=451, 97
t1375=1211, 1115
t1376=153, 573
t1377=717
t1378=465, 404, 468, 623, 1188, 914, 919, 1225, 78, 665
t1379=800, 121
t1380=1054, 308
t1381=565, 248, 259, 897, 852, 790, 113
t1382=833, 1183, 1181, 1116, 346, 945, 669, 886, 495, 375, 753, 641
t1383=1121, 437
t1384=583
t1385=66
t1386=173, 49, 775, 777, 891, 1024, 788, 610, 1155, 221
t1387=99
t1388=961, 808
t1389=506, 1114, 929, 493, 896
t1390=732
t1391=490, 578, 489, 152, 395
t1392=814
t1393=393, 1228, 299, 520
t1394=92, 644
t1395=664, 481, 758
t1396=1040, 109
t1397=802, 664
t1398=687, 142, 611, 891, 1034, 1158, 905, 65, 538, 519, 822
t1399=261
t1400=1025
t1401=715, 768
t1402=1209, 790
t1403=639, 452, 756, 827, 869
t1404=1045
t1405=841, 1093, 1131
t1406=556, 308, 329, 750, 311, 1150, 1184, 771, 418
t1407=901, 820, 339, 343, 309, 198
t1408=930, 568
t1409=591, 649, 593, 223
t1410=1023
t1411=142
t1412=824, 380, 1106, 819, 702, 490, 230
t1413=675, 954
t1414=1064, 1101, 885
t1415=1036
t1416=618, 1221, 313, 270, 816, 676
t1417=396, 208, 97, 95
t1418=379, 1000, 784, 858
t1419=1025, 274, 379
t1420=1030, 1032, 550, 559
t1421=1211, 988
t1422=456, 204
t1423=122, 861, 798
t1424=682, 444
t1425=749, 435, 642, 1093
t1426=409, 183, 435, 148
t1427=231, 964, 443, 1150
t1428=406, 391, 444
t1429=790, 756, 670
t1430=803, 1023, 659, 1202, 1178, 702, 780, 1040, 71
t1431=679, 975, 560, 516
t1432=1222, 214
t1433=1041, 711
t1434=97
t1435=1214, 504, 1236, 82, 121, 1154
t1436=460, 200, 250
t1437=832, 1050
t1438=40, 853, 1
t1439=1090, 190, 819
t1440=856
t1441=872, 311, 1124, 673
t1442=747, 1170
t1443=893, 580, 164, 128, 476, 72, 98, 249, 1035
t1444=1073, 1176, 725, 1193
t1445=232, 643, 914, 111
t1446=1179
t1447=503, 1235, 1057, 695, 802, 768, 508
t1448=822, 59, 363, 907
t1449=979
t1450=770, 387, 268, 519
t1451=39, 497, 104, 334
t1452=826, 2
t1453=995, 640
t1454=822, 889, 841, 736, 614, 376
t1455=741, 628, 463, 336
t1456=316, 287, 319
t1457=376
t1458=70, 549, 742
t1459=678, 645, 704, 818, 528, 147, 985, 859
t1460=355
t1461=437, 793, 173
t1462=235, 634, 1232
t1463=169, 773
t1464=762
t1465=341, 1185, 352, 568
t1466=713, 958
t1467=1024, 1164, 1210
