totalreqs = 1237
totaltest = 1467
//------------------------------------//
// Test Case Versus Requirements Maps //
//------------------------------------//
t1=846, 940, 223
t2=631, 859, 1017
t3=973, 569, 814
t4=229, 452, 645, 659, 469
t5=818, 1142
t6=255, 802, 186, 360
t7=236, 148, 1046
t8=1125, 271, 1220
t9=1165, 471
t10=1128
t11=851, 422, 973
t12=813, 298, 722, 498, 334, 558, 474, 1116, 734, 278, 632, 607, 375
t13=782, 563, 925, 1014, 878, 276, 1220, 36, 144, 935, 306, 648, 587, 155, 957, 1149, 944, 496, 586, 1128
t14=169, 426
t15=333, 210
t16=975, 1148, 995, 1027, 178
t17=704
t18=1158, 583
t19=174, 430, 884, 46, 149
t20=1192, 192, 1158, 512, 806
t21=147
t22=597, 773, 1076, 1073, 190, 557, 657
t23=379, 459
t24=1027, 741
t25=1049
t26=707
t27=815, 980, 904
t28=246, 618, 798, 916
t29=556, 300, 113
t30=793, 1138, 694, 1041, 569, 244, 154
t31=794
t32=260, 453, 722
t33=881, 349, 294
t34=766, 729, 735
t35=772, 434, 1138
t36=195, 125, 873, 288
t37=997, 421, 157, 763, 322, 944, 1094, 605
t38=809, 565
t39=499, 719, 559
t40=1199, 475, 295, 1210, 577, 779, 393, 616, 1125, 289, 338, 1224, 850, 958, 760, 701
t41=1154, 924, 494, 782, 821
t42=368, 1062, 325, 581
t43=587, 965
t44=1083, 497, 768
t45=1224, 845, 1126
t46=1131, 785, 835
t47=951, 335, 1106, 120, 1099
t48=808, 498, 218, 888, 706, 356, 855, 1087, 767
t49=250, 584, 396
t50=492, 422, 830
t51=1071, 794, 247, 1115, 589, 1226, 1075
t52=837, 992
t53=737, 448, 21, 570, 979, 372
t54=261, 138
t55=755, 437
t56=807, 629, 192, 881, 1199, 1071
t57=824, 1166, 1165, 985, 562, 716, 342, 187
t58=295, 644
t59=285, 148, 759, 448
t60=196, 513, 592, 899
t61=576, 571, 703, 871, 233, 1027
t62=1080, 169, 596
t63=578, 911, 1105, 465, 1035, 1137, 899, 414
t64=858, 719
t65=937, 1052, 874, 1178
t66=435, 939, 1034
t67=961
t68=575
t69=1192, 385
t70=1031, 490, 956, 1204, 826
t71=1131, 1060, 1109
t72=29, 532, 809, 160
t73=982, 661, 980, 254, 528
t74=819
t75=1049, 767
t76=696, 134, 668, 1012, 609, 898, 652
t77=553, 549, 522, 193, 855
t78=1219, 220, 1000
t79=965, 146, 444, 834
t80=867, 686
t81=535, 816
t82=45, 242, 1173
t83=356, 294, 761, 389, 1211, 635, 1026, 1034, 549
t84=840, 631, 866, 711, 864, 315, 1182, 804
t85=259, 955
t86=305
t87=486, 211
t88=709
t89=841, 1057, 333
t90=745, 1211, 976
t91=1159, 1197, 435
t92=584, 1128, 407
t93=258, 457, 142
t94=845, 940
t95=1027, 75
t96=675, 1094
t97=592, 367
t98=965, 210, 197, 487, 746
t99=977, 513, 1203, 751, 150, 924, 690
t100=411, 686, 801, 132
t101=1140, 914, 641
t102=954, 560, 946, 614, 397, 96, 313, 500, 1078, 285
t103=1127, 427, 655, 851
t104=1098, 616
t105=780, 314, 785, 980
t106=1117, 1073, 101
t107=546, 386
t108=990, 1018, 1152, 676, 343, 488
t109=134, 278, 576
t110=273, 474, 445, 1028, 596
t111=1203, 714, 940
t112=164
t113=553, 750, 229, 859, 1225
t114=462, 916, 182, 396
t115=589, 129
t116=517, 270, 1092, 851, 149, 1200
t117=217, 866, 122, 497
t118=1085, 359, 374
t119=599, 602, 220, 988
t120=991, 356, 889, 544, 1208, 574, 924, 495
t121=721, 823, 774, 305, 730, 798, 1012
t122=815, 963, 1211, 524, 261, 250
t123=872
t124=917
t125=793, 645, 913, 286, 714
t126=1213, 322
t127=1048, 635, 395
t128=871
t129=956
t130=355, 124, 49
t131=358, 559, 309
t132=945, 58, 201, 876, 135, 830, 1043
t133=970, 529, 771
t134=1181, 1078, 1052, 933
t135=987, 745, 477
t136=751, 1124, 800, 485
t137=382, 499, 1094
t138=650, 513
t139=708, 257
t140=955, 1020, 457, 690, 706, 492
t141=126, 548
t142=240
t143=626, 940, 380
t144=607, 677, 730, 335, 622, 678, 703
t145=427, 1164, 1149
t146=1235, 790
t147=982, 305, 1091, 1013, 807, 1231
t148=416, 1083
t149=1023, 380, 449
t150=1067, 725, 818, 548, 866, 292
t151=416, 1002, 841, 223
t152=1178, 500, 1153, 372, 480
t153=287, 693
t154=1065, 351, 866, 185
t155=605
t156=1112, 774, 1155, 902, 767, 1194, 944, 1012, 353, 450, 581, 849
t157=579, 879, 754
t158=240
t159=1224, 19, 434
t160=441, 1011
t161=367, 192, 618, 551, 658
t162=356, 808
t163=586
t164=232, 496, 125, 269, 178, 195
t165=356, 989, 497, 719
t166=656
t167=127, 493, 1052, 150, 554, 280, 634, 597, 393, 240, 767, 937, 791, 593
t168=501
t169=851, 1016, 250
t170=613
t171=618, 872, 194, 1035
t172=834, 792, 222, 867, 955
t173=510, 798, 949
t174=954, 392
t175=229, 212, 716, 794
t176=285, 526
t177=551, 1028, 91
t178=759, 1168, 623, 281, 474, 1035, 610
t179=870, 837, 1069
t180=808, 1014, 803, 426, 854
t181=676, 209
t182=326, 795, 553, 948, 868, 1004
t183=1112, 358, 131
t184=675, 563
t185=990, 815, 698, 285, 339, 627
t186=303, 424
t187=1237, 1099
t188=318, 845, 282, 147
t189=513
t190=92, 474
t191=578, 1028, 502, 617
t192=865, 993
t193=788
t194=177, 366
t195=604, 1086, 548, 523
t196=1132, 971
t197=367
t198=841, 1133, 716
t199=988
t200=820, 1038, 67
t201=1195, 247
t202=710, 830, 718
t203=192, 448, 981, 891, 666, 1206, 383, 1227
t204=1112
t205=1162
t206=341, 1120, 392
t207=991, 467, 725, 445, 1157, 265, 504, 247
t208=445, 384, 630, 25, 868
t209=882, 1163, 623, 778, 821
t210=843, 1087, 613, 513
t211=958, 414
t212=705, 295, 980, 1138, 338, 606, 889, 406, 611
t213=283, 835
t214=363, 218, 1041, 485, 1148
t215=960, 552, 616, 836, 445, 187
t216=123, 1206
t217=589, 423
t218=647, 295
t219=1205, 1209
t220=201, 1220, 298, 590
t221=900, 208
t222=869, 305, 786
t223=1003, 454, 535, 967, 661
t224=451, 1040, 195, 659, 1109, 1148, 490, 160
t225=670, 737, 959
t226=223, 973, 932, 828
t227=1036, 727, 477, 1129
t228=961
t229=146, 951, 260, 163
t230=535, 194, 610, 434
t231=886, 880, 777
t232=885, 1159, 182, 856, 486
t233=937, 514, 763, 1224, 266, 618, 401
t234=708, 604
t235=307, 280, 1068
t236=986, 906
t237=134, 582, 304, 613, 7, 1140
t238=1070, 999, 904, 955
t239=325, 450, 1102, 572, 885, 344, 1211
t240=1056
t241=270, 896, 627, 464, 477
t242=645, 870
t243=772, 909, 222
t244=903, 798, 371, 475, 1222
t245=1002, 965, 1177, 1042
t246=698
t247=657, 499, 1, 715, 392
t248=519
t249=1016, 788
t250=808, 1171
t251=1134
t252=955, 683
t253=1170, 910, 1216, 1104, 395, 805, 474
t254=1149, 705
t255=1140, 1233
t256=475, 408, 1175, 204, 438, 656, 414, 519, 446, 273
t257=562, 1191, 811, 393
t258=577, 833
t259=898, 217
t260=583, 216, 807, 611
t261=1157, 1014, 553, 1112, 180
t262=1147, 619, 761, 950
t263=1024, 1138, 13, 499
t264=900, 522, 591, 709, 171
t265=985, 1201, 1190
t266=230
t267=788, 607
t268=354, 309, 1207, 400, 1169
t269=90, 555
t270=539, 247, 661, 351, 664
t271=690, 456, 781
t272=1121
t273=330
t274=714, 417, 497, 1148, 610
t275=350, 1123
t276=853, 691, 906, 267, 895
t277=411, 202, 275, 78, 1164, 1005, 291, 419, 800
t278=214, 714, 1094, 290, 1228, 754, 355, 857, 1162, 1072, 1149, 366
t279=218, 1229
t280=149, 1045
t281=788, 563, 1054, 1175
t282=196, 404, 314
t283=153, 279, 1195
t284=500, 213
t285=798, 953, 585, 733, 992, 80, 1233, 788, 967
t286=505, 754
t287=295, 604, 741, 1074, 1042, 716
t288=814, 1132
t289=1088
t290=553, 355, 1237
t291=414, 240, 1229
t292=351, 268, 1066
t293=1072, 456, 453, 951
t294=1163, 312, 216, 608
t295=403, 688, 435, 215
t296=1002
t297=5
t298=910
t299=188, 448, 827, 553
t300=513
t301=574
t302=541, 592, 594
t303=964
t304=242
t305=926, 398
t306=808, 1017, 675
t307=673, 821, 1071, 1097, 1038, 59, 827
t308=402, 1062, 563, 518
t309=982, 323, 1079, 711
t310=864, 1081, 577, 520
t311=366, 553, 526, 738
t312=863, 1121, 306, 1019, 367
t313=383, 343
t314=798, 751, 713, 644
t315=512, 670, 394, 864, 1178
t316=510, 1019
t317=497, 928
t318=337, 267
t319=477, 591, 150, 292, 1162
t320=978, 426
t321=133, 782, 673, 786, 418, 793, 187, 572, 659
t322=233, 363, 676, 257
t323=475, 644, 659, 635
t324=506, 77, 498, 291
t325=955, 726, 1222, 697
t326=1144, 353, 414, 838, 237
t327=615
t328=953, 1138
t329=1175, 736, 477
t330=635, 320
t331=1101, 505
t332=480, 784, 368, 734, 564
t333=369, 528
t334=399, 564
t335=514, 178, 1164, 1131, 260, 176, 903, 1161, 885, 294
t336=663, 1201, 409
t337=333, 1106, 939, 474, 465
t338=528, 249, 613, 684
t339=1211, 995, 1075, 300, 951, 863
t340=659, 724
t341=195, 998, 1213, 1000, 128, 777, 623
t342=972
t343=910, 746, 1056, 973, 750, 1035
t344=227, 683, 618, 609, 657, 277, 429
t345=546, 549, 854, 744
t346=912
t347=722, 753
t348=560, 642
t349=1125, 279, 800, 243, 287, 212, 1131
t350=921, 571, 272, 171
t351=197, 524, 583
t352=1161, 197
t353=151, 977, 491, 828, 719
t354=273, 674, 370, 225, 593, 442
t355=502, 919
t356=474, 650, 785, 1041
t357=1218, 618
t358=650, 623
t359=660
t360=880, 592
t361=1150, 486
t362=270
t363=450, 890, 677
t364=773
t365=925, 666
t366=1036, 517, 1106, 216
t367=286, 1206, 1161
t368=210
t369=263, 968, 604, 1221, 805, 1168, 475
t370=591, 466, 1179, 992, 1134, 394
t371=1138, 644
t372=1086
t373=326, 756, 474, 1175, 354, 74, 309
t374=320, 933, 766, 323, 1152, 427, 478, 1219, 927
t375=257
t376=324, 758, 183, 784, 781
t377=717, 938, 383, 440, 1106, 692
t378=447, 349, 1216, 1000
t379=518
t380=384
t381=613, 982, 1091
t382=662, 992, 206, 277
t383=1052, 1098
t384=1215, 201, 810, 1078
t385=414, 555, 967, 432, 971, 831
t386=392, 865, 1234
t387=732, 1073, 326, 1097
t388=138, 380, 1031
t389=707, 439
t390=882, 327, 787, 462, 724, 314, 392, 1227, 575, 537, 1006, 630, 659, 1091, 910, 743
t391=156, 437, 1038
t392=360, 1182
t393=446, 917, 219, 404, 134, 582
t394=1195, 823, 1094, 175, 877, 982, 1165, 162, 806, 305
t395=454, 504, 1166, 159
t396=1166, 724, 1113
t397=585, 1004, 1175, 925, 1139, 896, 310, 484
t398=673, 646
t399=495
t400=845, 449, 302, 364, 670, 1138, 1195, 1133, 967, 491
t401=163
t402=694, 730, 249, 1012
t403=951, 715, 1078, 1092, 160
t404=516, 615, 742
t405=1010, 412, 526, 875, 1085, 880, 107, 23
t406=851, 1211
t407=50, 530, 1093, 641, 1213, 893, 590, 420, 924
t408=705
t409=597
t410=1004
t411=1072, 1148, 533, 180, 707, 32, 791, 650, 1055, 429
t412=881, 1189, 782
t413=1168
t414=140, 1152, 662, 241, 1216, 539, 917
t415=229
t416=1130, 1069, 964, 1224, 528, 786
t417=580, 394, 823
t418=472, 568, 901
t419=1205, 247, 384, 650
t420=261, 1221
t421=188, 414, 395, 1048, 1049
t422=831, 1116, 6, 1008, 698, 895
t423=830, 219, 997, 801
t424=253, 420, 1204
t425=925, 706
t426=988, 178, 1165, 479, 892, 1205
t427=129, 1004, 717, 454
t428=51, 474, 716, 168
t429=1063, 1148, 281
t430=330, 1094, 394
t431=1148
t432=604, 297, 1053, 951, 1094, 203, 1153
t433=786
t434=924, 1025, 587, 402
t435=187, 352, 810, 988, 448, 172, 796, 979, 393, 354, 891
t436=489, 441, 463, 726
t437=951
t438=892, 1140, 1082, 524, 504, 309, 209, 1195, 684
t439=1111
t440=1028, 912, 366, 1109
t441=1082, 713, 633, 499, 495, 1144, 801, 513, 592, 284
t442=648, 973
t443=1149, 568
t444=911, 783, 490, 1162
t445=860, 898, 187, 423
t446=784
t447=925, 1103, 1149, 380
t448=255, 134
t449=582
t450=515, 820, 638
t451=186, 1064, 522, 764, 985, 347, 329, 1227, 1050, 463, 1004
t452=484, 571
t453=737
t454=372, 506, 790, 850
t455=201, 880, 102, 616
t456=157, 367, 132, 925, 217, 497, 366, 138, 809, 395
t457=538, 339, 995
t458=293
t459=306, 1094, 767, 412, 346, 772, 481, 456, 684, 994
t460=984, 997
t461=366, 672, 507
t462=1068
t463=722, 925
t464=809, 672, 925
t465=104, 126, 1052
t466=815, 300, 946
t467=949, 1189
t468=1180
t469=839
t470=439, 585, 793, 1220, 486, 752, 903
t471=330, 299, 620
t472=808, 650, 468, 444
t473=1049, 337, 305, 548, 562
t474=140, 1186, 1084, 853, 652, 242, 1108, 700, 218, 619, 918, 610
t475=1007, 233, 256
t476=954, 885
t477=534, 593, 472, 925, 731, 720
t478=1095, 189, 1004
t479=1085
t480=430, 521
t481=1010, 1060, 962
t482=1203, 1155
t483=305, 366, 825, 895
t484=964, 924, 235, 1072, 931, 726, 192, 797, 420, 932, 723
t485=491, 267, 455
t486=1167, 931
t487=577
t488=370
t489=1161
t490=883, 815, 195, 1009, 620
t491=1078, 989
t492=258, 579, 207, 1121
t493=1143, 643, 545, 1229
t494=1170, 810
t495=1223, 788
t496=1118, 911, 737
t497=253, 659
t498=563, 318, 478, 943
t499=1220, 291, 765, 375
t500=153, 228, 1000
t501=957
t502=940, 1140, 745, 533
t503=1166, 1008, 924, 1197, 800, 576, 265, 1215
t504=309, 1144, 798, 427, 802
t505=930, 1088
t506=566, 1030, 1020
t507=805, 285, 282
t508=536, 1140
t509=874, 833, 1211, 1223, 871, 360, 582, 1043
t510=645, 1166, 343
t511=887, 580, 294, 261, 513, 474
t512=828, 741, 587, 980, 475, 1212, 488
t513=985, 650, 504, 1155, 743
t514=673, 992
t515=191, 829, 252
t516=1212, 764, 221, 818, 404, 128, 940, 178, 112, 612
t517=932, 580, 342
t518=578, 477, 428
t519=1141, 788, 287
t520=476, 1175, 190, 728, 630, 205, 489, 953, 216, 884, 1131
t521=1078, 781, 323, 672, 1186, 134, 258, 1128, 967, 634
t522=458, 910, 823
t523=434
t524=744, 565, 189, 1016
t525=788
t526=993, 225, 1128, 1011, 344
t527=217, 706, 687, 573, 340, 917, 1094, 1055, 987, 950, 788, 1185, 494
t528=1153, 1094, 1004, 967, 568
t529=1140, 661, 1017, 764, 922
t530=1075, 261, 1052
t531=225, 185, 257, 232, 1096, 899, 691, 435
t532=73, 1103
t533=906, 462, 1079, 1205
t534=1036, 741, 881
t535=1115, 1215, 1198, 118, 764, 1069, 734, 1058, 1139
t536=738
t537=386, 972
t538=473, 321, 639, 618, 313, 1043
t539=121, 824, 953
t540=771, 866, 191
t541=336, 1036, 309, 775, 706, 161
t542=1001, 271, 1020
t543=1092
t544=851, 267, 1152, 814, 76, 1165, 1185
t545=1037
t546=840, 396, 1207, 542
t547=607
t548=927, 538, 193, 973
t549=1207
t550=1210, 291, 659
t551=592, 728
t552=1068
t553=830, 614, 1142, 623
t554=253, 623, 901
t555=833, 806, 224, 1033, 318, 218, 1115
t556=422, 582, 815
t557=519, 351
t558=618, 413, 806
t559=889
t560=178, 787, 1025, 764, 563, 562, 1107, 857, 180
t561=576, 248
t562=998, 347, 893, 378
t563=992, 891, 478, 845
t564=1017, 577, 1196
t565=550
t566=1115
t567=915, 333, 4
t568=136, 1233
t569=874
t570=1141, 852, 264
t571=1028, 962
t572=992, 442, 812
t573=141, 947, 1012, 797, 457, 922, 930
t574=1164, 536, 483, 405, 347, 285
t575=203, 862, 885
t576=278, 20, 711
t577=504, 910, 456, 738, 656, 739
t578=676, 1106, 424, 79, 778, 718, 816
t579=686, 647
t580=477, 233, 1015, 953
t581=383
t582=1081, 626, 1069, 784, 586, 342
t583=842, 735, 952, 687, 1204, 673, 912, 782, 1073, 832, 1180, 158, 1089, 495
t584=651, 905, 740, 812, 420
t585=1024, 129, 314
t586=858, 849
t587=900, 850
t588=533, 554, 414, 176, 962, 821, 134, 227, 724
t589=476, 494
t590=550, 460, 1086, 1234, 348
t591=72, 723, 623, 927, 1131
t592=697, 271
t593=577, 283, 679, 714, 446, 354, 1085, 777, 1166
t594=554, 1130, 733, 973, 186, 724
t595=845, 930, 450, 192, 980, 964
t596=801, 581, 719, 831, 1004
t597=894
t598=469, 514, 1022, 451, 1210, 830
t599=266, 187, 996, 197
t600=667
t601=435, 170, 543
t602=677
t603=1165, 471
t604=688, 427, 386
t605=188
t606=1076
t607=1125, 201, 149, 181
t608=622, 1058, 360, 84, 707, 486, 957, 893
t609=998, 567, 1151
t610=726, 580, 1115, 1116
t611=536, 288, 998, 399, 875
t612=669, 953, 257
t613=187
t614=922
t615=306, 264, 429, 1113, 864
t616=224
t617=832
t618=164, 782, 1026, 143, 935, 752, 917
t619=211
t620=421, 1028, 613, 900, 632, 831
t621=1143, 233, 372, 1124, 276, 347, 616, 961, 517, 868, 948, 326, 814, 418, 93, 1006
t622=508, 260, 640
t623=174
t624=488
t625=907
t626=754, 105, 561, 842
t627=1135, 351, 757, 734
t628=1206, 200, 342, 782, 1227
t629=481
t630=524, 261, 967, 897
t631=658, 314, 455
t632=1222, 943, 535, 435, 423, 1026, 483, 1069, 704, 371, 786, 342
t633=452
t634=447
t635=781
t636=195, 208
t637=734, 958
t638=304, 154, 476, 559, 457
t639=597, 1066, 623
t640=835, 912
t641=308, 1161, 542
t642=846, 355, 919
t643=484, 809
t644=874, 155, 295
t645=741, 755, 971, 795
t646=125, 474, 536
t647=838, 186
t648=1029, 926, 931
t649=184, 237, 1072, 379, 1090
t650=573, 1166, 342, 577, 650, 977
t651=1140, 695, 553, 268, 215
t652=889, 1009, 969, 411, 592
t653=756, 580, 842, 941, 1193
t654=844
t655=467, 721, 729, 624, 922, 1076, 529
t656=491, 944
t657=262, 955, 1178, 631, 500, 174
t658=454
t659=971, 580
t660=427
t661=795, 398, 512, 873, 606
t662=513, 818
t663=1172, 1058, 943
t664=1147
t665=206, 1199, 672, 1046, 327
t666=157, 1125, 261, 846, 1191
t667=336
t668=62
t669=906, 831
t670=204
t671=1051, 861, 499, 353
t672=985, 137, 1013, 383
t673=445, 1071
t674=790, 353, 1121, 1197, 797
t675=146, 731, 933
t676=1068, 1021, 1041, 585, 1092
t677=897, 1092, 198
t678=584, 508, 595, 955
t679=436
t680=670, 734
t681=12, 410
t682=1149, 197
t683=392, 729
t684=858, 380
t685=1176, 734, 1020
t686=402
t687=400, 970
t688=272, 988
t689=823, 1036
t690=595, 200
t691=951, 577, 1203, 464
t692=486
t693=295, 57, 764
t694=312, 477
t695=54, 282, 406, 537
t696=1200
t697=681, 1207, 673, 202, 924, 137
t698=903, 477
t699=778, 838
t700=631, 869, 142, 1232
t701=1123, 399, 667, 810
t702=1145, 754, 877, 1154
t703=736, 464
t704=325, 693, 241
t705=782, 381
t706=1186, 197, 586, 851, 1210, 428, 687, 300, 160, 695, 921, 1172, 1150, 660, 383, 173, 725
t707=988, 186, 1012, 910, 169, 414
t708=249, 984
t709=395, 1078, 1093, 423, 183, 261, 526
t710=415, 16
t711=1171, 715, 1220, 978, 315
t712=859, 594, 1004, 1164, 814, 399, 171, 1023, 745, 455, 788
t713=252, 598, 748, 1058, 446
t714=1209
t715=456, 270
t716=517, 861, 1051, 1040
t717=842, 902, 563, 209, 340
t718=588, 1185, 563, 819
t719=1124, 924
t720=645, 527, 845, 576, 679, 1154, 392
t721=251, 908, 899
t722=273, 125, 129, 955
t723=618, 902, 722, 1220
t724=174, 705, 679, 1075, 398, 910, 770
t725=255, 432, 465, 361, 167, 968, 1086
t726=895, 247
t727=676
t728=704
t729=401, 928
t730=1018, 790, 144, 570, 1197, 750, 156, 1160, 619, 474, 528
t731=782, 806, 687, 1115
t732=314, 318, 690, 362
t733=1211, 739, 260, 469, 330, 1072
t734=680
t735=510
t736=1181, 192, 936, 654, 323
t737=116, 290, 1039, 677, 310
t738=838
t739=679, 1018, 433, 40, 242, 900, 1119, 604, 1127, 344, 586, 899
t740=613, 546, 893
t741=897, 350, 1151, 167, 126, 734, 1055, 775, 915, 592, 508, 713, 617
t742=1140, 1017, 920, 457, 1186
t743=627, 910, 751
t744=357, 152, 1014, 293, 27, 598
t745=850, 1032, 372, 171, 1147, 893, 460, 1029
t746=910, 991
t747=1135, 1166
t748=839, 1148, 247, 590, 490, 485
t749=1209, 771, 672
t750=457
t751=876, 323
t752=1084, 273, 229, 1159
t753=788, 1116
t754=295, 1109, 638
t755=967, 867, 222, 1225
t756=1202
t757=907, 741, 1207, 344, 865, 165, 362
t758=1201
t759=288
t760=1084, 421
t761=999, 702, 1068, 899, 637
t762=274, 394
t763=734, 966
t764=379
t765=743, 1099
t766=911, 720, 983, 192, 681, 1148, 653
t767=1131, 130, 976
t768=547, 776, 1000, 358, 857, 1033, 869, 859
t769=1028, 682, 709, 1072, 1179
t770=1201, 110
t771=633, 702, 971, 637, 1150
t772=1004, 650
t773=986, 269, 885, 982, 1007, 623, 641, 373
t774=405, 433, 182
t775=984, 395
t776=1016, 1219, 967, 602, 950, 434, 558, 1065
t777=930, 202, 822
t778=940, 1140, 69, 26
t779=1028, 768, 1123
t780=925, 747
t781=140, 443, 349
t782=613, 509, 741, 921
t783=702, 41, 1204
t784=1144, 238, 117, 808
t785=300, 792, 527
t786=366, 568, 1016, 284, 495, 312, 708, 1209, 280
t787=193, 1224
t788=830, 1237, 662, 445, 1045
t789=154, 601, 1169, 1166, 987, 39, 587, 366
t790=196, 1220
t791=1157, 956, 289
t792=1015, 125, 385
t793=632, 951
t794=467, 133, 842, 61
t795=634, 199, 8
t796=610, 698, 180, 425, 1157
t797=1078, 820, 841
t798=85
t799=183, 131, 899
t800=1168, 1109, 845
t801=1229, 749, 1052
t802=230, 511, 578
t803=637, 1016, 565, 211
t804=1072, 140, 786, 1110
t805=576, 1131, 127, 888, 892, 134, 914
t806=881, 419
t807=10, 821, 151, 569, 305
t808=88, 1217, 168
t809=977, 417
t810=1180, 187, 1071, 260, 195
t811=162, 245, 689, 181, 499
t812=1090, 283, 1121, 439, 591, 921
t813=1185, 691, 503
t814=412
t815=617, 651
t816=915, 322, 178
t817=311, 503
t818=135, 177
t819=261, 1041, 610
t820=252
t821=133, 694, 782
t822=1160, 565, 944
t823=1158, 53
t824=1088, 420, 1061, 132, 850, 692, 1084, 912
t825=137, 461, 1157, 1156
t826=103, 231, 808, 878, 431, 674, 799, 901, 476
t827=904
t828=1183, 1203
t829=1022, 836
t830=733
t831=877, 586, 226, 800
t832=1166, 466
t833=767
t834=1233
t835=1194, 530, 1115, 1072, 429, 794, 415
t836=608, 1016, 581, 357, 738, 840, 844
t837=1036, 633
t838=1140, 818
t839=215, 569, 261
t840=871
t841=888, 192, 1085
t842=1064
t843=531, 1209, 1001, 1191
t844=379, 714
t845=1096, 1062
t846=129, 1150, 265
t847=848, 660
t848=573, 769
t849=738
t850=356
t851=354, 881
t852=791, 494
t853=855, 1069, 1184
t854=698, 1094, 331
t855=425, 930
t856=924, 1167, 738, 941
t857=1038, 1170
t858=263, 1015, 955, 829
t859=358, 679, 1211, 588
t860=261, 639, 475, 249
t861=1184, 676
t862=722, 954
t863=681, 798
t864=204, 934
t865=1129, 1127, 858, 250, 843
t866=467, 1041, 600, 991, 1133, 1093, 1028
t867=736, 567
t868=226, 169
t869=706, 1010, 11, 1012, 1011
t870=870, 224, 960
t871=499
t872=341, 814
t873=411, 830, 33, 1096, 945, 621
t874=893, 442
t875=309, 500, 777, 808, 1181, 368, 250, 408, 1190, 471, 1090, 170, 561
t876=991, 1137
t877=584, 445
t878=1224, 564, 242
t879=645, 414
t880=567, 715, 871, 460, 380, 816
t881=178, 1124, 808, 461
t882=445, 489, 800
t883=553
t884=198
t885=682, 342, 494
t886=159, 165
t887=1182, 1094
t888=1047, 135, 651
t889=243
t890=175, 306, 1032
t891=447, 530
t892=692, 477
t893=448, 946, 153, 682
t894=207, 1109, 22, 1000, 1028, 1005
t895=357, 338, 129, 369, 1166, 734, 714
t896=1191, 733, 584, 1170
t897=837, 981, 548, 1175
t898=1205, 192
t899=779, 1136, 1047, 603
t900=259
t901=956, 960, 768, 292, 202
t902=1071, 1074
t903=491
t904=1064, 618, 205, 1034
t905=526
t906=938, 1056, 17
t907=728, 503, 847, 149, 699
t908=145, 217
t909=512, 331
t910=187
t911=869, 272, 535, 948
t912=926, 532, 944, 874, 230
t913=387, 307
t914=498, 1053, 756, 563
t915=1184, 70, 337
t916=1095, 1229, 1010, 576
t917=185, 545
t918=885, 1131, 812, 775
t919=1182
t920=570, 586, 625
t921=790, 1198, 571, 706
t922=618
t923=1194, 66, 1062, 917, 837, 888, 367, 1146, 521, 532
t924=453, 449, 1077, 739
t925=218, 348, 380, 265, 1000
t926=969
t927=1031, 186, 689
t928=688, 868, 995, 649, 358
t929=114, 745, 299
t930=924, 873, 844, 910
t931=520, 342, 268
t932=251, 768
t933=314, 710, 443
t934=1032
t935=924, 1065, 540, 413, 241, 855, 465
t936=995, 316
t937=1084, 89, 307, 1213
t938=315, 365
t939=435, 376, 1141, 520, 763, 589, 87, 622, 838, 356, 403, 192, 1230, 215, 635
t940=1055
t941=665, 208, 1028, 333, 174, 272
t942=303, 193, 261
t943=1104, 196, 215, 1119
t944=439, 452
t945=711, 180, 716, 1059, 206, 1004, 878, 1028, 864
t946=1143, 495, 1229, 713, 317
t947=1149, 536, 843, 798
t948=627, 470, 676, 536
t949=772, 98
t950=150, 1052, 765, 1118, 763
t951=845, 1176, 912, 326, 562, 894, 742, 771, 245
t952=659, 1234
t953=912, 870, 1024
t954=1195, 741, 143, 947, 525
t955=648, 922, 966, 144, 471, 729
t956=148, 1138
t957=623, 425, 185
t958=161, 665, 526, 592, 942
t959=865, 980, 396, 778, 628, 221, 1143
t960=715, 1051
t961=597, 1166, 941, 435, 477, 754, 880, 1106
t962=1228, 499
t963=322, 1035
t964=845, 757, 553, 640, 790, 1006
t965=1176, 126, 1026, 303, 345, 1214, 288, 988, 590, 135, 438, 1153
t966=821, 502, 260
t967=521, 172
t968=583, 467, 345, 478, 678, 888
t969=260, 230, 783, 255
t970=491, 727, 1197, 673, 1138
t971=145, 828, 1030, 239, 406, 410
t972=931, 812, 974, 316, 162, 185, 1192
t973=322
t974=141
t975=589
t976=1223, 1155
t977=900
t978=426, 141, 407
t979=650, 284, 115
t980=241, 960, 1215, 847, 1119, 1028
t981=703, 48
t982=1003, 851, 1166, 948
t983=1091, 917, 1077, 345, 601
t984=217, 827, 1047, 1160, 1172, 187
t985=482, 1100, 411, 215, 548, 444, 527, 1023
t986=957
t987=1196, 143, 736, 1160
t988=1207
t989=158
t990=1191, 362
t991=796
t992=409, 747, 1070
t993=184, 705
t994=629
t995=982, 659, 319, 861, 778, 391, 625
t996=1204, 384, 202
t997=614, 650
t998=434, 809, 814, 1175
t999=192, 582
t1000=984, 1187
t1001=592
t1002=1071, 252, 877
t1003=297, 187, 526
t1004=1068, 841, 143, 921
t1005=1075
t1006=307, 282, 566
t1007=280, 208, 659, 925, 953, 295, 661, 1063, 716, 317, 163, 933, 245
t1008=528, 955, 1098, 908, 565, 951, 52
t1009=1010, 1136, 1106, 458, 542, 1028
t1010=1029, 592, 842, 924
t1011=782, 1069, 291
t1012=439
t1013=726
t1014=1137
t1015=1188, 1063
t1016=439
t1017=1080, 995, 1179, 769
t1018=831, 1161
t1019=959, 835, 363, 276, 637, 858
t1020=925
t1021=892, 641, 1077, 438, 1140, 944, 757
t1022=1148, 439, 642
t1023=250, 988, 415, 992, 472
t1024=972, 928
t1025=432, 314, 573, 1075
t1026=1201, 778, 1104, 842, 173, 247, 1202
t1027=1173, 172
t1028=600, 1148, 1059
t1029=667, 270
t1030=1205, 64, 526
t1031=1148, 596
t1032=920, 1028, 685, 703
t1033=771, 63, 783
t1034=384, 499, 134
t1035=1230, 1003, 1013, 374
t1036=1011, 1078, 1036, 626, 392
t1037=861, 863
t1038=82, 1057, 486, 774, 913
t1039=685, 487, 478, 462, 890, 1068
t1040=500, 421, 280
t1041=1215, 1162, 1231, 1159, 963, 650, 582
t1042=749, 258, 760, 716, 786
t1043=770
t1044=1215, 160, 789, 2, 982, 243, 1022, 1114, 794
t1045=802, 859
t1046=351, 506, 617
t1047=684, 1166, 484
t1048=529, 1071, 874, 174, 167, 1103, 1197, 316
t1049=912
t1050=310, 1159, 417
t1051=598, 499
t1052=192, 126
t1053=798
t1054=1235
t1055=399
t1056=741
t1057=1035
t1058=1085, 748, 762, 511, 305, 765
t1059=855, 507
t1060=743
t1061=983, 1063, 856
t1062=636, 963, 536, 704, 1037
t1063=623, 436, 494, 1210
t1064=465
t1065=245, 527
t1066=440, 1137
t1067=280, 925, 108, 497, 152
t1068=761
t1069=753, 236, 431
t1070=559, 199, 670, 1063, 704, 1237, 166
t1071=283
t1072=649, 350, 306, 733, 578, 565
t1073=1182, 392, 259, 1072, 490, 1068, 951, 138, 1192, 1081
t1074=303, 134
t1075=461, 893
t1076=347, 771, 951, 192
t1077=1099
t1078=889, 193, 1166, 307, 623, 260
t1079=420, 1022, 1015, 984, 780
t1080=297, 751, 793, 1011, 740, 1094, 1074, 961, 139
t1081=585, 983, 461
t1082=791, 1032, 785
t1083=135
t1084=546, 1175, 760, 291, 664, 837, 286, 795, 255, 1132, 1140
t1085=139
t1086=670, 407
t1087=788, 1124, 1165, 1134, 255, 390, 659, 703, 940, 1039, 37, 850, 506
t1088=43, 368
t1089=301, 1138, 971
t1090=423, 1161, 148, 178, 217, 142
t1091=1160, 815, 1159, 980, 589, 650, 1157, 1235, 615
t1092=343, 894, 1041, 209
t1093=509, 1090, 296, 989, 862, 776, 506, 948
t1094=747, 1031
t1095=459, 247, 1130, 595
t1096=1099
t1097=1123
t1098=823
t1099=984
t1100=1060, 291, 510
t1101=187, 1132, 557, 280
t1102=1065, 1101, 1023, 256, 988
t1103=1001, 99
t1104=1032, 366
t1105=1173, 584, 506, 872
t1106=1102
t1107=1236, 706, 226
t1108=821, 640, 1052, 30
t1109=209, 566, 1157, 257
t1110=658, 359, 560
t1111=1004, 809, 277, 936
t1112=992, 710
t1113=1138, 219
t1114=1206, 337, 224
t1115=481, 575, 1205, 642
t1116=426
t1117=696
t1118=932, 1009, 493, 187, 822, 299
t1119=972, 437, 908, 847
t1120=472, 1069, 498, 585
t1121=433, 848, 1199, 416, 286
t1122=414
t1123=511
t1124=411, 302, 976
t1125=719, 616, 820
t1126=782, 1016
t1127=447, 1000, 1091, 387, 568, 324, 786, 624, 923
t1128=1028, 1013, 596, 1099, 1040, 1236, 851, 1140, 955, 474
t1129=689, 1168, 887, 173
t1130=904, 377
t1131=83, 1232, 1016
t1132=1051, 1153, 996, 599, 760, 529, 1178, 1172, 851, 612
t1133=380, 761, 1208, 672
t1134=931, 1198, 171, 768
t1135=941
t1136=334, 245, 659, 593
t1137=198, 885, 767, 602
t1138=181, 499, 1094, 234, 734, 1214
t1139=1189, 855, 1225
t1140=265, 478, 1111
t1141=372, 928, 1028
t1142=128, 442
t1143=499
t1144=1068
t1145=833, 373, 931
t1146=1115, 724, 605
t1147=1016, 903, 841, 1072, 192, 1044, 734, 893, 382, 499
t1148=833
t1149=1144, 1168
t1150=461
t1151=848, 841, 685, 697, 899, 636, 160
t1152=629, 1174
t1153=507, 590
t1154=579
t1155=395, 1023
t1156=1092, 425, 696, 1213
t1157=323, 198, 433, 1194
t1158=354, 953, 629, 294, 952
t1159=546, 463, 348
t1160=265, 791
t1161=726, 912
t1162=175, 189
t1163=534, 160, 793, 357, 329
t1164=249, 657, 177, 994, 920, 671
t1165=478, 804
t1166=128, 356
t1167=533, 474, 589, 609, 472, 1155, 429, 741, 582
t1168=400, 319, 1117, 1017, 38, 624, 936, 978, 195, 470, 908, 946, 1229, 683, 611
t1169=545, 1078, 128
t1170=1009, 437, 495, 665, 1004, 330
t1171=672
t1172=1085, 291, 9
t1173=376
t1174=737, 308, 884, 830
t1175=929, 44, 806
t1176=230, 248
t1177=446, 281, 540, 1140
t1178=803, 883, 951
t1179=1136
t1180=570, 506
t1181=907, 716, 821, 1212, 568
t1182=166
t1183=798, 479
t1184=948, 1085
t1185=719
t1186=610, 1084
t1187=377, 1108
t1188=127, 208, 392, 918, 1065
t1189=214
t1190=280, 1028
t1191=389, 472, 492
t1192=1063, 580
t1193=129
t1194=1156, 933, 716, 525
t1195=472, 393
t1196=728, 130, 640, 407, 137, 908, 1124, 562, 741, 68, 1029
t1197=223, 733, 643, 174, 1205, 255, 1106, 546, 1119, 911, 650, 18
t1198=1071, 951
t1199=531, 1140, 336
t1200=452, 570
t1201=1032, 828, 654
t1202=439
t1203=604, 965, 1107
t1204=136, 609
t1205=1072, 1141, 575, 1226, 205, 836, 499
t1206=446, 821
t1207=240, 208, 473, 1153
t1208=1193, 154, 428, 726, 644, 1223
t1209=817, 893, 272
t1210=245
t1211=1024
t1212=863, 396, 502
t1213=340, 1098, 1178, 693, 1069, 563, 274
t1214=959, 732, 506, 604
t1215=350, 300
t1216=452, 1102, 1115
t1217=717, 994, 335, 1178, 1161, 678, 244, 192, 1122
t1218=620, 577, 878
t1219=938
t1220=1060
t1221=988, 1198, 713, 737, 274
t1222=1085, 132
t1223=634, 1041, 219
t1224=221
t1225=192, 539
t1226=679, 306, 712, 698, 14
t1227=930, 230, 1204, 482
t1228=1047, 1126
t1229=485, 842
t1230=948, 1094
t1231=772, 330, 751, 606
t1232=845
t1233=182, 941, 55
t1234=233, 801, 932, 1230, 680
t1235=696, 519
t1236=316, 447, 365, 851, 666, 498, 790, 1089, 583, 777, 1224, 1039, 283
t1237=882, 936, 361
t1238=1096
t1239=1036, 980, 352, 236
t1240=1072, 232
t1241=474, 584, 430, 1152, 1215, 477, 848
t1242=473, 188
t1243=490, 610, 945
t1244=391
t1245=955
t1246=556, 643
t1247=302
t1248=822, 738, 950, 754, 42, 671
t1249=942, 934
t1250=886
t1251=1169, 601, 1144, 1080, 260, 1194
t1252=1185, 1145
t1253=1105
t1254=961, 980, 515, 495
t1255=1172, 1136, 1171, 354, 270, 460
t1256=1005, 427, 165
t1257=752
t1258=221, 816, 919, 764, 391, 831, 1110
t1259=668, 389, 683, 339, 1224, 850, 1088
t1260=139, 128, 1164, 1213, 1116
t1261=790, 1080, 628, 616, 725, 534
t1262=1113
t1263=516, 361
t1264=491
t1265=201, 911, 602, 472, 1165
t1266=417, 1041, 1224
t1267=855, 192, 965
t1268=630, 863, 448
t1269=144, 975, 820, 811, 653
t1270=250, 354, 1202, 559, 1218
t1271=1004, 521, 1043, 1236
t1272=992, 1036, 343
t1273=148, 1106, 1180
t1274=397, 1167, 94, 1049
t1275=24
t1276=965, 97, 214, 613, 56
t1277=166, 259, 47, 672, 1166, 732, 178, 254, 1095, 170, 967, 296, 978
t1278=311, 1178, 476
t1279=1174, 1227, 364
t1280=597, 119
t1281=784
t1282=552, 514, 1187, 962, 1064, 482, 496, 476, 632, 504, 243, 970, 376, 760, 430, 563
t1283=127, 570
t1284=408, 925, 347, 913
t1285=729, 1097, 1220, 817, 1088
t1286=1003
t1287=577, 994
t1288=1054, 330, 439, 1005, 950, 195, 1096, 239, 368, 1177, 15
t1289=813, 1051, 1232
t1290=179
t1291=385, 200, 976
t1292=1122, 931
t1293=985, 230, 143, 604, 860, 771, 390
t1294=980
t1295=203, 143, 1162, 982
t1296=1109, 360
t1297=254, 712, 641
t1298=802, 1132
t1299=1041, 730, 1068, 717, 637
t1300=1100, 331, 811, 200, 812, 1140, 734
t1301=477, 414, 715, 1004
t1302=164, 1228, 474
t1303=425, 612
t1304=905, 938, 513, 235
t1305=1020, 1037, 971, 829, 779
t1306=341, 291, 1045, 429, 839, 515, 487
t1307=441, 1104, 470, 625
t1308=601, 1200, 157, 1187, 879, 536, 427
t1309=627, 1185
t1310=1167
t1311=971, 1156, 138, 771, 989
t1312=748
t1313=346
t1314=1168, 1211
t1315=822, 835, 468
t1316=296, 578
t1317=328, 987, 215
t1318=1182
t1319=389, 830, 516, 1070, 443
t1320=845, 1175, 109, 531, 1078, 855, 568, 494
t1321=830, 936, 1097
t1322=71, 181, 733, 354, 324, 594, 955, 414, 1161, 264
t1323=381, 1216
t1324=1192
t1325=456, 310, 1221, 1132, 424, 965
t1326=494, 813, 392, 646, 610, 374
t1327=362, 633
t1328=203, 168
t1329=409, 135
t1330=250, 842, 957, 258, 414, 620, 738, 685, 1028
t1331=282
t1332=466, 1166, 398, 579, 246, 261
t1333=381, 855, 734, 687, 1235, 763, 674
t1334=406
t1335=1056, 719, 952, 416
t1336=837, 243, 879
t1337=1153, 851, 382, 1223, 553, 420, 866, 874, 332, 369
t1338=383, 862
t1339=605, 663, 956
t1340=178, 1139
t1341=431
t1342=924
t1343=341, 140, 957
t1344=607, 563, 156
t1345=213, 1213, 1175, 272, 471, 1229
t1346=1188, 800, 1045, 998, 95, 86, 515, 1185, 1135, 1120
t1347=456, 548, 777
t1348=616, 914, 837, 776, 1175
t1349=936, 467
t1350=266, 382, 784, 806
t1351=542, 274, 731, 1223, 1193
t1352=974
t1353=1146, 711
t1354=193
t1355=187, 512
t1356=1037, 829
t1357=984, 648
t1358=457, 1229
t1359=1175, 439
t1360=396
t1361=213, 1146
t1362=784, 1131, 1207, 638, 1181
t1363=327, 526, 628, 1161, 597
t1364=603, 854
t1365=698, 1044, 600, 176, 142
t1366=321, 923, 1142
t1367=315, 140, 939, 192, 901, 739, 979, 830, 955, 843, 128
t1368=383, 243, 472
t1369=394, 134, 570
t1370=1204, 60, 698
t1371=669
t1372=258, 427, 179, 155, 1140, 895, 295, 499, 621, 1210, 477, 380
t1373=1148, 148
t1374=1125, 161
t1375=765, 220, 927, 202
t1376=852, 789
t1377=1166, 663
t1378=149, 899, 220, 217, 388
t1379=338, 741, 268, 386
t1380=714, 1123, 372, 1201, 866, 506
t1381=758, 526, 414, 706, 436, 193
t1382=753, 519
t1383=924, 1137
t1384=1224, 324
t1385=598
t1386=366, 798
t1387=816, 392, 1112, 368, 1210, 697, 553, 351
t1388=1033, 1106
t1389=31, 754, 561, 1036
t1390=982, 642, 655
t1391=1169, 1185, 799
t1392=1071, 1116, 618, 791
t1393=845, 909
t1394=572
t1395=628, 851, 1134, 782, 525, 277, 306
t1396=738
t1397=845, 540, 558, 967, 987
t1398=900
t1399=1135, 858
t1400=866, 1028, 28, 143, 1165, 457
t1401=1130, 405
t1402=731, 152
t1403=1211, 654, 291, 1131
t1404=703, 1135, 452, 451
t1405=827, 740, 641, 723, 375, 776
t1406=937, 920, 915, 916, 823, 322, 624, 500, 1205
t1407=733, 562
t1408=133, 34
t1409=133, 3, 1163
t1410=779
t1411=950, 1021
t1412=523, 849, 199
t1413=355, 845, 782, 733, 262, 65, 657
t1414=701, 1100, 1183, 261, 332, 427
t1415=835, 1097, 691, 1210
t1416=725, 339, 650, 1004, 1204, 1068
t1417=816, 233
t1418=365
t1419=737
t1420=505, 452, 607, 141
t1421=769, 904
t1422=554, 650
t1423=1012, 589, 443
t1424=383, 317
t1425=387, 1028, 408, 727
t1426=378, 757
t1427=364, 510
t1428=650, 1114, 517, 971, 622, 761, 821, 483
t1429=35
t1430=343, 1205, 951, 217, 207
t1431=1139
t1432=825, 929, 1112, 632, 269, 1102, 1017, 819
t1433=824, 302, 948, 826, 546, 931
t1434=228, 681, 158
t1435=649, 203
t1436=771, 211
t1437=869, 791, 328, 940
t1438=321, 744
t1439=918, 392, 229, 563, 570, 1050
t1440=1217, 467, 550, 100, 1067
t1441=487, 404, 541, 1160, 368
t1442=849, 1013, 509
t1443=253, 447, 1191
t1444=947, 621, 324, 629, 388
t1445=654, 599
t1446=146, 699, 837, 131, 1087
t1447=1106, 231, 1038, 750, 956
t1448=502, 126, 516
t1449=222, 1061, 294, 668
t1450=1229, 261, 551
t1451=578, 1226
t1452=496, 445, 81, 642, 1166, 106
t1453=466
t1454=1041, 544
t1455=941, 301, 543, 734, 741
t1456=196, 487, 275
t1457=617, 789, 849
t1458=621, 622, 1068, 721, 234, 156, 851, 238
t1459=997, 528, 737, 307, 750, 1162
t1460=894, 782, 406
t1461=572
t1462=501
t1463=794, 565, 1052, 865, 840, 188
t1464=252, 609, 1166
t1465=525, 994, 1166, 111, 762, 443, 166, 392, 320
t1466=790, 307, 256, 645, 195, 735
t1467=734, 858
