totalreqs = 1237
totaltest = 1467
//------------------------------------//
// Test Case Versus Requirements Maps //
//------------------------------------//
t1=866, 1232
t2=671, 434
t3=159, 438, 191, 436, 1117, 189, 292, 509, 804, 460, 605, 244
t4=1132
t5=1129, 1105
t6=460, 356, 536, 263, 355, 1041, 329, 227, 1044
t7=142, 145, 354
t8=1059, 476, 839, 251, 555, 1086, 729, 881
t9=848, 460, 939
t10=186, 1232, 1193
t11=825, 202, 292
t12=1119
t13=599, 1083, 738, 260
t14=177, 1170
t15=490, 347
t16=317, 484, 406
t17=271
t18=1038, 1080
t19=405, 460, 564, 1002
t20=426, 998, 541, 1180, 996
t21=470, 1068, 420, 853, 289, 1168, 195, 525, 809, 949
t22=936, 240
t23=388, 581
t24=1202, 404, 169, 158, 384, 756, 159
t25=602, 735, 723
t26=988, 377, 793, 169, 208, 798, 904, 618, 608, 252, 1178, 855, 219, 1125, 628, 1089, 563, 134, 1132, 190
t27=290, 422
t28=957
t29=1051, 340, 173
t30=261, 835
t31=638
t32=947, 631, 286, 945
t33=599, 741, 165, 336, 544, 691, 1221, 886, 974, 450, 1111
t34=501, 132, 447, 1021, 143
t35=411, 260, 980, 656, 572, 1048, 959, 1144, 677
t36=131, 727, 423, 828, 858, 281
t37=1061, 727, 652, 33
t38=1023, 348, 518, 138
t39=583, 562, 887, 149, 250
t40=199, 206, 832, 1064, 1235
t41=405, 1213
t42=199, 253
t43=704, 224, 1000, 935
t44=948, 444, 1109
t45=808, 306, 1191, 478, 792, 1079
t46=1173, 1125, 1166, 864
t47=609, 1086
t48=620, 1031, 521
t49=1138, 197
t50=667, 145, 929, 837
t51=749
t52=566, 1140, 557, 898, 212, 1031, 883, 361, 846, 532, 475
t53=1081
t54=524, 660
t55=691, 606
t56=68, 601, 492, 56, 251
t57=1045, 732, 1011, 564
t58=513, 857, 380
t59=702, 1057, 487
t60=871, 386, 889
t61=756, 727
t62=922, 180
t63=892, 1168
t64=1223, 952
t65=555
t66=1089, 335, 428, 743
t67=904, 555, 343, 1187, 661, 689
t68=165, 321
t69=839, 720, 657
t70=334, 152, 1112, 168
t71=537, 301
t72=313
t73=399, 764
t74=134, 545, 452, 1085
t75=891, 652
t76=1082, 731
t77=761, 176, 1017, 340, 131
t78=1080, 242, 1171, 723
t79=1125
t80=626, 479, 261
t81=284, 398, 1027
t82=348, 346
t83=1129, 867
t84=1004
t85=793, 255
t86=558, 649
t87=1010, 471
t88=812, 675
t89=344, 992
t90=650, 611
t91=242, 167, 272, 1072, 928
t92=590
t93=331, 207, 950, 148, 917, 179
t94=463, 1163, 321, 746
t95=242
t96=140, 662, 667, 889
t97=152, 190
t98=787, 960, 199, 203
t99=249, 671, 318, 688, 597
t100=415, 255
t101=605, 1222
t102=672, 975
t103=1151, 801, 295
t104=1192, 127
t105=375, 1127, 892
t106=920, 772
t107=935, 725, 771, 594
t108=635, 729, 799, 1032, 577, 865, 1130
t109=599, 190, 674, 739, 605
t110=444, 1119, 839, 491
t111=853, 902, 976, 553, 212, 426
t112=1054, 861, 173, 943
t113=776, 932, 1064, 453, 587, 986, 867, 823
t114=1104, 710, 396, 95
t115=817, 1101
t116=350, 1152
t117=1208
t118=172, 985, 229, 157
t119=944
t120=942, 440, 710, 679, 150
t121=132, 556
t122=147, 428, 565
t123=1147, 223, 830
t124=134, 379
t125=292
t126=397, 539, 181
t127=354, 820, 333
t128=542, 251
t129=837, 238
t130=414, 420, 805
t131=678, 436
t132=912, 471, 1024
t133=1209, 92
t134=62, 905, 528
t135=1237, 817
t136=933, 252
t137=1034, 756, 1236, 476
t138=316, 305
t139=527, 491
t140=983, 418, 703
t141=1009
t142=1009, 1092
t143=468, 411
t144=476, 1210, 190
t145=191, 1111
t146=145, 207
t147=874, 326, 916, 648
t148=845, 1018, 653
t149=98, 628
t150=612, 383, 1125, 337, 448, 186, 120, 565, 350, 100, 96
t151=545
t152=146, 145
t153=277, 725
t154=959, 192
t155=561, 989, 782, 352, 1145
t156=835, 206, 686
t157=771, 856
t158=256, 491, 682, 250
t159=902
t160=297, 260, 400, 970, 1234, 12, 687, 1170
t161=683, 52, 537, 960
t162=762, 596
t163=447, 179, 1044, 1146
t164=395, 562, 472
t165=956, 792, 1044, 434, 316
t166=368, 164, 825, 776
t167=525, 173
t168=258, 601, 880, 1009, 1107, 530
t169=895
t170=369, 724, 165, 1201
t171=733, 567
t172=1099, 1075, 640, 869
t173=766
t174=722, 399, 901, 1041, 193, 703
t175=942, 220, 345, 601, 348, 1234, 562, 980
t176=252, 242, 439
t177=998, 498, 748
t178=510, 242, 1072, 396, 447, 145, 205, 1037
t179=901
t180=642, 473, 235, 996, 807, 1059, 316
t181=637, 1211
t182=762, 1002, 602, 539, 181, 545
t183=958, 157
t184=190, 1044
t185=475
t186=189, 1021, 1232, 1220, 1223
t187=461, 974, 175
t188=764, 422
t189=1186, 521
t190=919, 555, 1203, 687
t191=545, 165, 358
t192=1068
t193=762, 505
t194=939, 552, 976
t195=168
t196=302, 1065, 903, 1016, 826, 296
t197=868, 958
t198=505, 757
t199=181, 1057, 23, 1164, 394, 1020, 426, 565
t200=735, 940, 350, 801, 716, 1189, 1103, 172, 375, 793, 226, 340, 165, 44, 714
t201=326, 259
t202=316, 576, 484
t203=831
t204=91, 1118, 86
t205=673, 1101, 783
t206=190, 1197, 1107, 1215, 348, 499
t207=383, 1204
t208=705, 638, 371, 597, 532, 1142, 1135, 310, 817, 175, 271, 835
t209=1067, 196, 868, 565
t210=329, 219
t211=818, 781, 845, 737, 45, 875
t212=1215, 1170, 504
t213=853, 64, 261
t214=129
t215=496, 1063, 147, 996, 771, 730
t216=779
t217=837, 395
t218=610, 708, 200, 435, 894
t219=301, 216, 637, 253, 351, 482
t220=309, 564, 466, 1070
t221=699
t222=946, 1168
t223=311
t224=1174, 685
t225=882, 472, 984, 1075, 367, 605, 1079, 726, 722
t226=514, 407, 983
t227=565, 1015, 752, 623, 334
t228=1217, 605, 417, 455
t229=153
t230=1114, 737, 258, 1086
t231=126, 618, 965
t232=279, 881, 465, 656, 215, 1222, 586, 405
t233=567, 99, 819, 1130, 423, 403, 719, 753
t234=666, 159
t235=232
t236=296, 276
t237=652
t238=306
t239=650, 394
t240=1208, 359, 779
t241=585
t242=563, 607, 325, 806, 917, 1044
t243=498, 149
t244=690, 420, 506
t245=452
t246=161, 296
t247=680, 712
t248=606
t249=748, 293
t250=513, 1048, 228, 290, 144
t251=920, 723, 280, 648, 781
t252=199, 652, 900, 640, 32, 707, 1074
t253=224, 606, 457, 199, 251, 692
t254=565, 347, 230, 82, 411, 379, 698
t255=410, 296, 133
t256=1044, 1135
t257=163, 315, 541
t258=591, 532
t259=771, 758
t260=1030, 788, 268, 135, 787, 460, 1054
t261=254, 736, 1146, 515, 1154, 500, 409, 788, 812, 229
t262=1210
t263=810, 265, 1116, 1044, 426, 1086, 316, 739, 781, 740, 722
t264=402, 828
t265=323, 790, 1024, 1158, 576, 292, 532, 723, 244, 316, 390, 1223, 727, 411, 355, 1124
t266=609, 930, 419, 998
t267=162, 844, 1125, 253, 722, 1134, 352
t268=485, 449
t269=200, 219, 217
t270=468, 849, 1143
t271=393, 1182, 979
t272=521, 388, 1216
t273=944, 980, 1204, 1021, 597
t274=524, 558, 296, 421, 175
t275=194, 1044, 111, 835, 343, 160, 1100, 530
t276=911, 373, 967, 532
t277=629, 1121
t278=304, 631, 813, 487, 297
t279=776, 391
t280=706, 1098, 918, 1128, 823, 1152, 613, 84, 174
t281=899, 744, 85
t282=288, 588
t283=1033, 695, 1234
t284=718, 846, 273
t285=376, 489, 556
t286=1114, 871, 250, 737
t287=932, 1048, 918
t288=950, 720, 757, 1058, 34, 910, 567, 30, 239, 1237, 304, 851
t289=1037, 957
t290=1087
t291=294
t292=235, 564, 675, 609, 1168, 645, 433, 622
t293=1213, 678
t294=738, 1172
t295=255, 1115, 1163, 310
t296=1080, 668
t297=745, 708, 920, 677, 1034, 1049, 1107, 410, 568, 356
t298=267, 698
t299=555, 494, 826, 1231
t300=142, 1134, 687, 1229
t301=468, 48, 776, 322
t302=1215, 951
t303=303, 928
t304=1019, 459
t305=751, 835, 587, 474, 557, 261, 255, 236, 428, 529, 525, 777, 715, 1186
t306=301
t307=789, 1036
t308=702
t309=965, 975
t310=422, 783, 150, 892
t311=909, 1199
t312=456, 1082, 817, 997, 1237, 449, 1060, 738
t313=480, 465, 624
t314=676, 702, 473
t315=912, 307, 605, 834, 1044
t316=563, 940
t317=617, 336, 15, 18, 522, 877, 935, 881
t318=681, 1202, 322, 894, 289, 328, 815, 552, 339
t319=1209, 841, 481, 1150, 355
t320=891, 1222
t321=752, 1153, 738
t322=615, 481
t323=357, 857, 489, 1196, 139
t324=234
t325=147, 363, 299
t326=255, 1194, 216, 872, 806, 815
t327=130, 987
t328=1009
t329=411, 495
t330=1045, 411, 548, 1044, 839
t331=279, 541, 181
t332=605, 1237, 509
t333=1133, 573, 292, 808, 710
t334=794
t335=1227, 1035
t336=573, 152, 834, 907, 194
t337=659, 698, 622
t338=452, 966, 742, 710
t339=199, 859, 552
t340=391
t341=502, 575, 1172, 926, 356, 349
t342=344, 643, 999, 801, 906, 769, 717
t343=599, 1076
t344=308, 615, 946, 601, 684
t345=233, 773
t346=250, 1058
t347=222, 834, 553
t348=237, 604, 27, 317, 770, 565, 267, 931, 1152, 944, 1129, 434
t349=540, 568
t350=987
t351=975, 504, 410, 738, 790
t352=785, 94, 447, 1087, 346, 1158
t353=945, 388, 217, 181
t354=1126, 919, 617, 590, 710
t355=1210, 1032, 315, 528, 416, 561
t356=178, 957, 614, 692, 1038
t357=141, 1184, 239, 843, 510
t358=813, 565
t359=204, 316, 472
t360=141, 244
t361=257, 935, 546, 51, 417, 745
t362=928, 428
t363=1032, 322
t364=54, 615, 1135, 1201, 594, 1170, 801
t365=896, 101, 224, 633
t366=465, 145
t367=782, 864, 191, 1175
t368=698, 968, 428, 303
t369=684, 714
t370=1090, 893, 932, 237, 1138, 1003, 1161, 318
t371=757
t372=628, 447, 191, 637
t373=125, 1072
t374=424
t375=613, 392
t376=350, 707
t377=330, 245
t378=193, 123, 316, 748
t379=291, 466, 588, 418, 995, 1094
t380=348
t381=354, 425, 981, 587, 848
t382=1152
t383=1140, 631, 615, 1167, 339
t384=369, 1005
t385=1121
t386=655
t387=838, 1014
t388=273
t389=8, 356
t390=711, 641, 977, 712, 112
t391=491, 687, 149, 823, 1108, 850, 494
t392=1071
t393=649, 710
t394=662, 794
t395=273, 690
t396=580, 1197, 718, 619, 298
t397=569, 565
t398=647, 591
t399=1200, 993, 275, 174
t400=855, 731, 21, 673
t401=316
t402=397, 294, 364
t403=1057
t404=587, 635, 799, 274, 502, 199, 924, 321, 955
t405=960, 745, 565
t406=340, 495, 186, 1187, 663, 532
t407=954, 763
t408=242, 848, 1085
t409=283, 975, 927, 1129, 857, 546
t410=247
t411=610
t412=991
t413=433, 406
t414=842, 629, 313
t415=239
t416=278, 543, 777
t417=595, 669
t418=217, 410
t419=318, 1112, 243
t420=1156, 403
t421=1122, 606, 1171, 616
t422=1108, 1196, 157, 1109, 1100, 757, 1112, 754
t423=1013, 477, 370, 234
t424=598, 715, 786, 379, 722, 508, 664
t425=802, 942, 769, 581
t426=604, 937, 1212, 377
t427=300, 604, 1191, 1009
t428=293
t429=1025, 214
t430=1175, 338
t431=792, 1085, 1192, 253, 242, 603
t432=604, 1211, 708, 490
t433=195, 727
t434=402, 406, 1137, 287, 211, 196
t435=993, 878, 835, 351
t436=1145, 217
t437=872, 314, 1105, 542, 1102
t438=1175, 1135, 129, 710, 1078
t439=752
t440=536, 910, 277, 457
t441=1073, 301, 1152, 868
t442=1012, 1017, 621
t443=234, 1048
t444=266, 372, 376
t445=538, 735, 973, 648
t446=356, 966
t447=305, 895, 996, 882
t448=569, 908, 706, 1154, 935
t449=213, 584
t450=605, 340
t451=485, 1072, 320
t452=428, 1167
t453=542, 676
t454=578, 219, 384, 1202
t455=656, 799, 420, 709, 785
t456=223, 679, 944, 629
t457=933, 716
t458=776, 104
t459=390, 460, 140
t460=975, 976, 951, 577
t461=603
t462=322, 429
t463=1128, 260
t464=1096, 710
t465=1135, 398, 1229, 731
t466=144
t467=332
t468=240, 154
t469=945, 499
t470=750, 495, 983, 710
t471=845, 55
t472=171, 843
t473=1176, 354
t474=355, 526, 251, 1007
t475=339, 719
t476=565, 139
t477=1065, 1014
t478=552, 927
t479=1013, 921, 715, 1062
t480=848, 975, 923, 708, 1050, 384, 1026, 1078, 1160, 1119, 439, 600
t481=959, 1008, 1225
t482=316, 385, 1164
t483=974, 1210, 1135, 245, 252, 636, 396, 875, 129
t484=264, 752, 512
t485=380, 493
t486=945, 811, 159, 780
t487=659, 789, 135, 142, 1104, 1226, 186
t488=746, 783
t489=390, 159
t490=467, 209
t491=751
t492=246, 895, 1085
t493=1034, 197
t494=536
t495=427, 758, 781
t496=449
t497=1115, 531
t498=1022, 879
t499=979, 1007, 514, 397, 656, 875, 1020
t500=453
t501=710
t502=213, 818, 807, 1233, 1128, 862, 1018, 399, 776, 243
t503=1165, 137, 636, 1191, 292, 817, 384, 1090
t504=797, 835
t505=860, 521
t506=1152, 1028
t507=614, 1135, 1206
t508=179, 897, 486, 1113, 532, 1091
t509=73, 578, 278
t510=1198, 387, 875, 896, 995
t511=425, 364, 388, 126
t512=1177, 396
t513=246, 1131, 792, 206, 779, 514, 777, 902, 920, 597, 747, 538, 606
t514=776, 817, 1075, 767, 350, 1149
t515=1050, 568, 639, 275, 1161
t516=907, 380
t517=505, 911, 708, 415, 828, 919, 939, 527, 531, 486
t518=420, 503, 367
t519=298, 1093, 257, 787, 444
t520=1198, 613, 921, 836
t521=1227, 1232, 261, 1118
t522=206
t523=1129, 251, 270
t524=620, 919, 1218, 426, 693
t525=681, 342, 443, 607, 441, 1177, 561, 661
t526=1141, 1185, 827, 221, 127, 1045, 143, 365, 426, 1053, 210, 1147, 895, 925, 1015, 317
t527=148, 500, 481, 179, 856
t528=511, 726
t529=461, 1231
t530=1106, 787, 710, 219, 829
t531=1235, 396, 701, 1159, 622, 670, 199, 145, 936, 635, 1137, 295, 798, 272, 1082, 1048, 1142, 1220, 285
t532=944, 481, 1222
t533=435, 270
t534=771, 446, 635, 432, 259
t535=773, 1013, 555, 1135, 503, 1053, 380
t536=591, 792, 936, 1006, 275
t537=827, 424, 660
t538=134
t539=451, 1090, 199, 456, 292, 460
t540=912, 81
t541=412
t542=1075, 310, 700, 794, 1221, 580, 127, 639, 396, 171
t543=340, 643
t544=378, 842, 201, 309, 774
t545=345, 519
t546=348, 201, 214, 233, 710, 621
t547=1208
t548=1072, 514, 562, 744, 873
t549=348, 475, 1142
t550=1024, 1052
t551=364, 942, 711, 437
t552=378, 132
t553=582, 748, 990, 442
t554=139, 1069, 819, 277, 544, 902, 918, 70, 423, 983, 161, 160, 242, 1224
t555=183
t556=306, 183, 47
t557=917, 580, 523, 340, 749, 810
t558=769, 1095, 703
t559=1170, 848
t560=1060
t561=5
t562=1202, 187, 740
t563=976, 927
t564=191, 565
t565=950
t566=1131, 191, 155
t567=462, 341, 1150
t568=841, 343, 166, 348, 505, 652, 707, 1044, 833, 761, 845
t569=377, 368, 380, 349, 753, 848, 229, 6, 1122, 922
t570=708, 417, 162
t571=192, 368, 284
t572=912
t573=1217
t574=854, 948, 341, 1141, 1147, 513
t575=1172, 457
t576=1043, 550
t577=1142, 875, 665, 1, 608, 516, 367, 10
t578=387, 361
t579=443, 971, 1187, 796
t580=199
t581=248, 529
t582=410, 376
t583=370, 658, 652
t584=209, 985
t585=420, 434
t586=543, 342, 843, 536, 400
t587=646, 1057, 361
t588=809, 967, 1067, 571, 1028, 430, 1038, 641, 1141, 272, 1229
t589=690, 159
t590=370, 651, 867, 207
t591=317
t592=571, 966, 363, 676, 1063
t593=141, 978
t594=255, 677, 293
t595=516, 312
t596=177, 924, 221
t597=752, 1160, 713
t598=709
t599=1019, 269, 640
t600=186, 362, 1062
t601=975, 1078
t602=500, 944, 1222, 886, 538, 266
t603=306, 855
t604=162, 558
t605=811, 1044, 867, 565, 817
t606=322, 565, 840, 993
t607=382, 317, 606, 1175
t608=519, 1076
t609=290, 151, 890
t610=726, 629, 1230, 182, 748, 247
t611=1064
t612=1050, 559, 1057, 904, 1162
t613=276, 277
t614=320, 912, 652, 1001, 755
t615=455, 128, 640, 882
t616=1168, 512
t617=67, 637, 428, 894, 995, 413, 249, 470, 670, 744, 288
t618=497, 1022, 700, 1109, 591
t619=763, 297, 444, 1092, 712
t620=1026, 1097, 1093, 1007, 565
t621=473, 1069
t622=1056, 404
t623=799
t624=1161, 1145, 1055, 1172, 802, 1108, 1037, 720, 1129
t625=637
t626=634, 1214, 1080
t627=192, 1099, 852, 851, 460, 980
t628=980, 554
t629=444, 851
t630=375, 317
t631=781, 711
t632=1033, 976, 1205, 1019, 763
t633=890, 460, 1216, 341, 1109, 409, 1013, 255, 1081, 150, 345, 801, 1221
t634=497, 414
t635=554, 213, 387, 898, 311, 218, 560
t636=220, 722, 605
t637=955, 1034, 1003, 1050
t638=244, 367, 1064, 732, 629
t639=80, 420, 475, 145, 417, 965, 876, 202, 134, 308, 1104, 904
t640=195, 582, 235
t641=656, 703, 457, 871, 680, 1010, 301, 546, 849, 378, 213, 1154, 1153, 589, 895
t642=216, 1005
t643=384, 944, 543, 140, 596
t644=470, 548, 469, 144
t645=439, 459
t646=356, 945, 838, 188, 337, 726, 623, 214
t647=1058, 441, 723, 487
t648=1031, 751, 394
t649=180, 656, 404, 1207, 780, 687, 1218, 610, 486, 417, 899
t650=651, 522, 131
t651=1029, 358, 591
t652=317, 207, 981, 1014
t653=763, 58
t654=956, 543, 1210, 444
t655=579, 466, 987, 425, 345, 229, 874, 935, 681, 170, 424, 22, 432
t656=1092, 1057, 826, 1229, 1212
t657=225, 499, 455, 272, 218, 851
t658=696, 608, 791, 998, 462, 672, 879, 374, 1115
t659=459, 930, 1009
t660=145, 960
t661=824, 630, 864, 564
t662=72, 323, 914
t663=1020, 445, 903
t664=1229, 1150, 464
t665=817, 1147
t666=242, 809, 225, 908, 1007, 241
t667=522, 506, 819
t668=536, 178
t669=1072
t670=11, 780, 159, 926, 686
t671=926, 903, 958, 853, 75
t672=738, 202, 843, 455, 216, 605
t673=576, 615
t674=1052
t675=452, 393, 1043
t676=624, 1105, 341, 644
t677=221
t678=832, 364, 319, 742, 206, 1215, 1100, 187, 841, 513
t679=1020, 243, 301
t680=1027, 748, 533
t681=384, 643, 593
t682=1003, 892, 156
t683=745, 1109
t684=912, 509, 1029, 1057
t685=474
t686=393, 1094, 824, 1169, 1018
t687=748, 237, 977, 1234, 1032, 849, 128, 83, 686
t688=1086, 536, 26, 899, 488, 442, 952, 696, 1151
t689=207
t690=395, 1083, 591, 962, 779
t691=214, 953
t692=613, 333, 264, 1053, 777, 650, 429, 894, 237, 976, 1046, 682, 1206, 621, 1044, 180
t693=761, 565, 654, 340, 755, 1199, 980
t694=377, 1219
t695=1120, 1125, 302, 222
t696=446, 954
t697=385, 643, 783, 846, 283
t698=915, 754, 220, 716, 605
t699=581, 825
t700=934, 274, 321, 1048, 726
t701=465, 462, 1107
t702=1126, 1050, 883, 787, 814
t703=1159, 814, 376
t704=1078, 1002, 935, 623, 833, 1143, 127, 1123
t705=452, 791
t706=366, 1061, 332
t707=317, 790, 643, 168, 608
t708=181
t709=141, 1185, 980
t710=857
t711=199, 1214, 652, 486, 462, 708, 388, 353, 721
t712=566, 528
t713=586, 625, 928
t714=1118, 1166
t715=570, 941, 1043, 1003, 525, 1022, 384, 508, 722
t716=299, 832, 1179, 555, 507, 1215
t717=288
t718=589, 1117, 1165
t719=590, 725, 564
t720=912, 1132, 644, 986
t721=710, 509, 847
t722=794
t723=742, 237, 671, 424, 949, 662, 476
t724=271, 596, 132
t725=1012
t726=581, 352, 608, 689, 550, 705
t727=656, 582
t728=574, 675, 129, 962, 589, 336, 310, 605, 417, 1001, 1183, 165, 1173
t729=140, 349, 306, 657, 770, 440
t730=925, 805, 555, 710, 523, 496
t731=518, 176
t732=772, 459
t733=310, 316, 330, 916, 656, 1174, 1093, 759
t734=659
t735=1076, 262
t736=1009, 252, 754, 1149, 132, 333
t737=783, 957
t738=901, 762, 963, 309, 384, 522, 598
t739=988, 910, 17, 735
t740=455, 1029
t741=664, 616, 492, 601
t742=442
t743=1179, 522, 667, 310, 636
t744=564, 846
t745=1014, 442, 841
t746=786, 127, 965, 414, 835, 743, 826, 981, 185, 637
t747=908, 906, 1046, 1053
t748=244
t749=220, 934
t750=121, 471, 131, 537
t751=1101, 973, 911, 1001, 384
t752=441, 1049
t753=409, 520, 1178
t754=1203
t755=253, 262, 952, 166, 1013
t756=989, 653, 383, 1054, 830, 647, 159, 125, 387, 755, 149, 296
t757=1050, 371
t758=490, 1160, 626
t759=907, 910
t760=670, 910, 693, 1179, 1044, 794, 251, 816, 593, 954, 823, 164
t761=538, 258, 1074, 529
t762=722, 442
t763=295, 579, 192, 965, 766, 110
t764=674, 248, 933, 214
t765=1146, 512, 381, 1049
t766=494
t767=1049
t768=1081
t769=978, 442, 825, 913
t770=906
t771=266, 1112, 1229, 1085, 235
t772=1111, 1033, 913, 598
t773=652
t774=552, 162, 515, 532
t775=1180
t776=1142, 552
t777=844, 882
t778=711, 291, 333
t779=820, 664, 403, 79, 896, 475
t780=1085
t781=468, 1042, 902
t782=869, 531, 736, 336
t783=1088, 155, 723, 1174
t784=685, 1147, 1030, 245, 1087
t785=301, 459
t786=944, 384, 66, 773, 973, 395, 996
t787=731
t788=870, 944, 1111
t789=664
t790=988, 732, 459, 881, 1203, 1193
t791=911, 619
t792=310, 438
t793=25
t794=492, 458
t795=480, 640
t796=536
t797=555, 1145, 707, 146, 560, 1036, 764, 270, 1232, 1001, 395, 1023
t798=1149, 210
t799=143, 448, 978, 1057, 443, 750
t800=402, 944
t801=442, 340, 608
t802=271, 872, 282
t803=497, 666, 340, 232, 1204
t804=882, 1044, 755, 975, 1207, 776, 1032, 1223, 983, 277, 751, 728, 634, 1132, 411, 1225, 352, 132, 978, 258, 893
t805=212, 1174, 769, 636
t806=817
t807=420, 967, 507
t808=330, 875
t809=973
t810=764, 191, 835, 229, 181
t811=678, 361
t812=796, 281, 914, 417
t813=442, 611, 345, 491, 850, 1170, 748, 179
t814=1194, 688, 243
t815=891, 487
t816=483, 269, 680
t817=273, 16
t818=672, 662
t819=939, 684
t820=287, 20, 28
t821=43
t822=1131, 1048, 251, 150, 887, 630, 944
t823=287, 1111
t824=862
t825=1010, 69
t826=1147
t827=614
t828=489, 555
t829=715
t830=1063, 1231
t831=395, 767
t832=529, 1103
t833=337
t834=839
t835=1026
t836=412
t837=562, 362
t838=1231, 515
t839=1082
t840=905
t841=514
t842=143, 228, 606
t843=544
t844=1147, 142
t845=227, 1009
t846=627, 911, 308, 1221, 1157
t847=452, 280, 263, 1077, 716, 1033
t848=1133
t849=1215, 1175
t850=906, 345, 753
t851=710, 1001
t852=840, 975, 224, 742, 425, 998, 1229, 884
t853=514
t854=219, 186, 1044
t855=165
t856=990, 632, 977, 422, 689, 783
t857=846, 517
t858=134, 187, 577, 798, 595
t859=1147, 539
t860=1050
t861=757, 613, 411, 959, 873, 1134, 1075
t862=886, 37, 1172, 724
t863=294, 260, 141, 871, 197, 748
t864=1057, 1117, 327, 460, 780, 808
t865=821, 146
t866=763, 1197, 889, 943, 1077, 627, 903
t867=845, 593
t868=1089, 511, 1219, 1047
t869=1048, 217, 303, 854
t870=666, 605
t871=796, 224
t872=349, 602, 1122, 571
t873=509, 738
t874=1071, 888, 765, 869, 335, 1088
t875=676
t876=813, 821
t877=76, 998
t878=1110, 565
t879=1230
t880=242, 735, 1119, 844
t881=569, 1103, 1194, 138
t882=374, 972
t883=241, 1019, 756, 24, 1175, 972
t884=313, 377, 348, 690, 222, 895, 378
t885=822, 616, 605
t886=719, 534
t887=1146, 301
t888=572, 220, 309
t889=731, 1113, 1055
t890=128, 811, 1027, 191
t891=257, 720, 321, 919, 419
t892=761, 857
t893=1004, 1011, 1095, 465
t894=1066, 888
t895=801
t896=730, 928, 493, 450
t897=746
t898=1039, 521
t899=1005
t900=780, 187, 664, 1166
t901=631, 955, 1174, 969, 842, 463
t902=477, 1019
t903=710
t904=1085, 317, 1103, 1220, 1028, 163, 207, 396, 561, 631, 416, 223, 1129, 845
t905=786, 429, 367, 952, 1236
t906=563, 718, 421, 542
t907=1148
t908=1072, 1051, 841, 796
t909=258, 1149, 181
t910=1215, 468, 162
t911=133, 1171, 119
t912=927, 882, 1056, 1166, 656, 1195, 777
t913=718, 1149
t914=690, 422, 508, 1026, 312
t915=1053, 375, 1122, 251, 754
t916=149, 355
t917=874, 1175, 581, 156, 468, 250, 39, 543, 716, 181, 1122, 792, 742, 793, 331
t918=802, 239, 763
t919=525, 431, 654, 325
t920=868, 827, 567, 592, 781
t921=570, 702, 134, 318
t922=316, 406, 625, 447, 718, 1032, 803, 1157, 193
t923=1085, 317, 923, 839, 947
t924=1143, 203
t925=1068
t926=301
t927=1211, 776, 895, 507
t928=637, 461, 547, 399
t929=1076, 632, 1069
t930=748, 425
t931=1212, 1198, 368, 488, 287
t932=925, 536, 943, 792, 723
t933=633, 675, 174, 50, 494, 200, 1085
t934=384
t935=301, 565, 296, 480
t936=744, 880
t937=723, 1044, 1182, 897, 465, 425, 497, 353, 599, 1185, 1135, 986, 381, 477, 1107, 237, 681, 575
t938=717, 982, 723
t939=837, 660
t940=1131, 406, 436, 494, 1037
t941=426, 885, 1103, 387, 1085
t942=696, 1061, 1163, 775
t943=1005, 1104
t944=800, 960, 1150, 1092, 535, 270
t945=652, 636, 562, 258, 801
t946=460, 219, 450, 933, 528, 629
t947=1001, 992
t948=271, 49
t949=401, 340, 186
t950=524
t951=1221
t952=694, 207
t953=1015, 1047, 491, 195, 266
t954=584, 249
t955=937, 356
t956=1215, 768, 249, 136, 1125, 863, 262
t957=776, 242, 1185, 835, 185
t958=780, 526, 796
t959=312
t960=936, 976
t961=226, 1173, 766, 561, 664
t962=845, 753
t963=1082, 979
t964=479
t965=589, 194, 1150, 220, 678
t966=782, 645, 881
t967=804, 1119, 366, 1210, 817, 326, 607
t968=1210, 865, 1085, 216, 518, 35, 149, 484
t969=108
t970=377, 1199, 961
t971=564, 344, 2, 338
t972=607, 203
t973=1074
t974=155, 265, 799, 861
t975=184, 1072, 529
t976=1089, 282
t977=506, 732
t978=581, 1202, 1062, 550, 485, 732, 481, 309, 1205
t979=859, 531
t980=358, 394, 1068, 762, 261, 1135
t981=911, 605
t982=513, 1190, 418, 624, 1174, 806, 173, 995, 651, 350, 938, 242
t983=748
t984=87, 268, 994
t985=1225, 630, 1039, 381, 788, 356, 211
t986=329, 496, 454, 192, 350, 482, 848, 424, 730
t987=478, 506, 827
t988=1177, 847
t989=1001, 768
t990=168, 478
t991=503, 1129, 1152, 969
t992=985, 391, 143, 642, 579, 1047, 700, 827, 925
t993=1168, 801, 1128, 591
t994=711, 1169, 704, 775
t995=1048, 702, 602, 879, 1153, 997
t996=1209, 423
t997=1185, 520, 527, 912
t998=7, 827, 279, 283
t999=209, 668, 378
t1000=804, 639, 176, 656, 1236, 1148, 360
t1001=948
t1002=1175, 1126
t1003=827, 699
t1004=1228, 1100
t1005=774, 918
t1006=251, 1205, 909, 1191, 223, 863
t1007=142, 500
t1008=702
t1009=574, 999, 781
t1010=579, 293
t1011=191, 275, 873
t1012=736, 886
t1013=667, 648
t1014=319, 263, 682, 691
t1015=317, 683, 564, 250, 171
t1016=887, 186, 835, 199, 1220
t1017=815, 406, 1016, 1147, 372, 488
t1018=532
t1019=844, 296
t1020=509, 1109, 164, 1147, 613, 300, 182
t1021=606, 430
t1022=533, 317
t1023=1176, 703, 1040
t1024=181, 194, 168, 731, 1085, 619, 978, 339, 254, 934, 341, 355, 1110, 494
t1025=350, 342, 875, 510, 1006, 521, 525, 689, 537, 399, 182, 1190, 255, 1172, 944
t1026=782, 710, 436, 1226, 397, 431, 768, 1218, 994, 970, 972, 354
t1027=908
t1028=1148, 544, 523
t1029=355, 447, 372
t1030=606
t1031=143
t1032=1057, 348
t1033=383, 1029
t1034=1011, 126, 1090, 105, 1110, 836, 580
t1035=933, 681, 370, 1204
t1036=973, 1090, 832
t1037=752
t1038=1017
t1039=752, 1010
t1040=646
t1041=143, 521, 1227, 538
t1042=940
t1043=426
t1044=183
t1045=369, 440, 846
t1046=88, 655
t1047=1104, 1107, 580, 982, 1202, 911
t1048=1234, 1065, 837
t1049=31
t1050=1088, 382
t1051=190, 876
t1052=989, 322
t1053=494, 934
t1054=784
t1055=106, 714
t1056=1174, 605
t1057=368, 65, 390
t1058=1118, 326
t1059=956
t1060=342, 535, 906, 1084, 853, 820
t1061=804
t1062=223, 38, 480
t1063=1237, 1107, 381, 620, 158, 355, 710, 581, 538, 1160, 401, 1053, 1232, 206
t1064=623
t1065=216
t1066=277, 784, 1066, 199
t1067=892, 658, 194, 1225, 308, 1086
t1068=918, 1183
t1069=866, 470, 803, 1066, 917, 666, 198, 895, 882, 275, 1037, 1162
t1070=857, 389
t1071=724, 944, 614, 1179
t1072=142, 996, 705, 186, 646, 509, 393, 903, 601, 776, 631
t1073=680, 799
t1074=935, 231
t1075=506, 1028
t1076=738, 637, 724, 258, 858, 1035, 870
t1077=848
t1078=433, 1012
t1079=208, 531
t1080=855
t1081=510
t1082=1189
t1083=1100, 980, 899, 134, 639, 1034, 1170, 1001
t1084=198, 939
t1085=262
t1086=291, 759, 623, 436, 149
t1087=415
t1088=760, 128, 892, 840, 766, 1075
t1089=158, 679
t1090=159, 363
t1091=19, 357, 684, 645, 1052
t1092=935, 1050
t1093=733, 1041, 357, 223, 750, 961, 149
t1094=216
t1095=676, 157, 896
t1096=327, 845
t1097=628, 318, 892, 178, 637, 993
t1098=203
t1099=836
t1100=199
t1101=443, 749
t1102=530, 310, 787
t1103=296, 921, 124, 216, 1082
t1104=1006, 1171, 1119
t1105=243, 735
t1106=1154, 633
t1107=1156, 1054, 561, 1184
t1108=337, 798, 388, 1196, 488, 146, 667
t1109=375, 825
t1110=390, 238, 977, 785
t1111=565
t1112=585, 1219, 272, 990, 237
t1113=838, 996, 679
t1114=963, 117, 960, 563, 847, 252
t1115=1116, 433, 201
t1116=697
t1117=277, 1199
t1118=302, 584
t1119=521, 1040, 275, 316, 784, 791, 1028, 267, 990, 551, 826, 210
t1120=307, 1047, 354, 1090
t1121=298, 692, 359
t1122=972, 727
t1123=864, 721, 141
t1124=198
t1125=1181, 473, 557, 184
t1126=518, 653
t1127=441
t1128=931
t1129=1230
t1130=795, 899, 187, 451, 1224, 911, 555
t1131=228, 817
t1132=1121, 934
t1133=1061, 250, 274, 906, 1074, 897, 723, 887, 849
t1134=579, 654, 74
t1135=116, 297, 710, 1099, 168
t1136=504, 514, 982, 767, 1073, 963, 1075
t1137=1061, 612, 853
t1138=904, 361, 1119
t1139=595, 145, 1192, 1213, 725, 816, 324
t1140=559, 688
t1141=1103, 555, 689
t1142=637, 464, 1052, 53, 331
t1143=624, 367, 1237, 396, 723, 1146, 1075, 679, 630, 168, 355, 965
t1144=394, 963, 621
t1145=604, 1025, 1026, 1147
t1146=874, 244
t1147=669, 995, 340, 1093, 134, 538
t1148=281, 1178, 1165, 780, 1172
t1149=614, 288, 494, 519, 1222, 421
t1150=695
t1151=668, 422, 1121, 775
t1152=438, 1144, 278
t1153=657, 409, 429, 1010, 246, 797, 1125
t1154=529, 1139, 355, 775
t1155=767, 280
t1156=1034, 878, 712, 728, 655
t1157=663, 1049, 442, 244, 988, 1195, 46
t1158=1172
t1159=465, 555, 763, 927, 187, 735
t1160=975, 393, 660
t1161=320, 1191, 167, 1007, 1019
t1162=293, 1209, 758, 710, 1066, 940, 744
t1163=254, 910, 1139, 544
t1164=896, 918
t1165=545, 561
t1166=1114, 251, 922, 778, 195, 277, 903, 501, 513
t1167=199, 656
t1168=350
t1169=737, 473
t1170=1027, 677, 161
t1171=671, 915
t1172=1044, 450
t1173=1228, 1002
t1174=858, 1194
t1175=360, 161
t1176=151, 336, 36, 417, 696
t1177=631, 335, 895, 308, 375
t1178=1187, 813, 998, 827, 576, 1222
t1179=735
t1180=736, 1198, 427, 651, 512
t1181=828, 1172, 186, 665
t1182=232, 1101, 130, 213, 549, 783, 40
t1183=565, 555, 1003, 651, 1235
t1184=1096
t1185=1003, 470, 697, 200, 1058, 927, 276, 733, 151, 206
t1186=1129, 741, 1133
t1187=1138, 125
t1188=894, 662, 488, 1067, 306, 828, 541, 605, 1219, 1055, 899, 297, 660, 1172
t1189=1179, 652, 186
t1190=987, 804
t1191=287, 794, 646
t1192=1206, 284
t1193=865, 386, 1049
t1194=397, 469, 786, 350, 182, 513
t1195=764
t1196=603, 852
t1197=1226
t1198=1104, 715
t1199=460, 447, 760
t1200=381, 905, 540, 335, 1193
t1201=373
t1202=993, 853, 1205
t1203=421, 166, 622
t1204=514, 263, 1036, 723, 57, 980
t1205=1110, 466, 216
t1206=591, 1167, 951, 282
t1207=847, 963, 186
t1208=575, 336, 191
t1209=367, 315
t1210=853, 782
t1211=739, 795, 843
t1212=233, 877, 969
t1213=331, 328, 1024, 591
t1214=980, 964, 600
t1215=224, 227, 778, 438
t1216=999, 775, 918
t1217=725, 204
t1218=136, 1158
t1219=576, 1190
t1220=826, 665, 320, 1014, 192, 448, 1078
t1221=143, 1026, 389
t1222=771, 372, 1199
t1223=129, 976, 372, 1221
t1224=800, 543, 1072
t1225=376, 991
t1226=41, 581
t1227=107, 1162, 1131
t1228=355, 537, 662, 979
t1229=515, 1044, 443, 230, 936, 173, 969, 921, 1111
t1230=308
t1231=575, 1147, 346, 678, 458, 317, 181, 1126, 371, 693
t1232=967, 1111, 805, 600, 1233, 427, 317
t1233=371, 573
t1234=473, 555
t1235=1215, 143, 160, 175
t1236=690, 1044
t1237=565, 534, 269
t1238=339, 1196
t1239=685, 591, 700
t1240=420, 1112, 115, 1090, 1111, 400, 601, 569
t1241=1042
t1242=261
t1243=786
t1244=1092, 1221
t1245=992, 817, 847
t1246=782, 908
t1247=911, 809, 786
t1248=389
t1249=149, 9, 228
t1250=211, 1077, 710
t1251=42, 475, 317, 882, 1083, 1106, 468, 29
t1252=1057
t1253=245, 809, 951, 195, 422, 885, 127, 763
t1254=192, 135, 875, 348, 181, 513, 583, 524
t1255=749, 809, 798
t1256=921, 97, 1175, 941, 323, 161, 409, 13, 725, 868
t1257=247, 235, 182
t1258=361, 186, 187, 154, 433, 975, 459, 256
t1259=1072, 610, 549, 1125, 746, 413, 875, 1155
t1260=1096, 1178, 1076, 966, 134
t1261=744, 710, 408
t1262=863, 546, 968, 467, 1003, 1213
t1263=1008, 740, 103, 133, 159, 921
t1264=137, 676, 658
t1265=543, 615, 142
t1266=1220, 365, 529, 186, 206, 225, 1210, 113, 537
t1267=937
t1268=421, 834, 1127, 343
t1269=1057, 412
t1270=538, 1092, 927, 331, 1147, 1044
t1271=837, 770, 766, 299, 930
t1272=940, 654, 687, 628, 976
t1273=460, 912, 382, 960, 1167, 1129, 175, 463, 324
t1274=675, 425, 502, 1087, 213, 1156, 418, 794, 415, 322, 134, 313
t1275=635, 807, 125, 903
t1276=283, 289
t1277=340
t1278=1177, 906, 707, 616, 1136, 860, 159
t1279=232, 134, 1176
t1280=610, 810
t1281=469, 118
t1282=548, 242, 748, 771
t1283=432, 1079, 592, 1066, 1147, 1061, 963, 997
t1284=678, 1050, 927, 691, 425
t1285=635
t1286=606, 142
t1287=924, 190, 514
t1288=484, 439, 1115, 373, 1150, 764, 310, 1209, 892
t1289=573, 181, 1161
t1290=1059, 826, 243
t1291=677, 1070
t1292=78, 652
t1293=195, 929, 1069
t1294=878, 236
t1295=1220, 944, 576, 387
t1296=1123, 216
t1297=338, 343, 747, 421, 167
t1298=826, 1228
t1299=238, 649, 1111, 910
t1300=1022, 203, 1209, 867
t1301=1206, 237
t1302=756, 77, 679, 878
t1303=995, 1028, 952
t1304=183
t1305=505, 172, 125, 721, 820
t1306=787, 862, 206
t1307=1035, 355, 482
t1308=310, 354, 716, 652, 405, 824, 724, 673, 437
t1309=813
t1310=1030, 907
t1311=617, 637, 745, 908, 792, 1165
t1312=674, 807, 656, 1111
t1313=422
t1314=1219, 291
t1315=1208, 468, 552
t1316=640, 792, 746, 1180, 1054, 543, 801
t1317=681, 3
t1318=1172, 643, 618, 265, 980, 846, 1124, 473
t1319=639
t1320=813, 1146, 260, 202, 1047, 185, 970, 165, 846
t1321=484, 1188
t1322=186, 549, 694
t1323=656, 832, 1165, 521, 186
t1324=938, 952
t1325=846, 330, 272, 1158
t1326=609, 733, 975, 964, 424, 374
t1327=984, 647, 252, 713, 1091, 281, 812
t1328=769
t1329=1033
t1330=439, 412
t1331=1102, 734, 982, 89, 980, 712
t1332=1018, 480, 1021
t1333=953, 1142, 840
t1334=534
t1335=1209, 899
t1336=1060, 298
t1337=1067, 536, 1084, 90
t1338=1198, 231, 1126, 308, 1049
t1339=922, 895, 407, 388, 414, 229, 122, 1193, 390
t1340=444, 191, 531
t1341=1080, 1155, 501, 1166
t1342=195
t1343=668, 392, 618
t1344=688, 640, 61
t1345=1048, 215
t1346=767, 626, 1119, 668
t1347=376
t1348=225, 936
t1349=587, 1057
t1350=830, 675
t1351=178, 671, 555
t1352=285, 664, 922
t1353=149, 431, 637, 561
t1354=209, 547, 909, 646
t1355=172, 432, 1050, 136, 423, 883, 615
t1356=181, 488, 813, 114, 286, 384, 526
t1357=205, 314, 835, 462
t1358=527, 735, 763, 571, 762, 283, 757, 1169, 242
t1359=414, 188, 549, 979, 912, 258
t1360=133
t1361=492, 976, 572
t1362=748, 60, 181, 642, 1152
t1363=799
t1364=819, 218, 1210
t1365=311, 1174, 559, 1017, 904, 996
t1366=1215, 553
t1367=243
t1368=281, 656, 637, 408, 227
t1369=665
t1370=71, 944
t1371=691, 361, 1049
t1372=1038, 522, 320
t1373=1098, 1082
t1374=1160, 303
t1375=344, 624, 443
t1376=364, 292, 707
t1377=773, 102
t1378=578, 480
t1379=847, 1051, 1101
t1380=1000, 664, 846
t1381=490
t1382=1107, 724, 218
t1383=829, 1004, 897, 4
t1384=651, 296, 1003, 139, 205, 1175
t1385=710, 472, 895, 565, 237
t1386=636, 556, 668
t1387=1198, 902
t1388=903, 765, 971
t1389=331, 1146
t1390=414, 1065, 652, 146, 177
t1391=470, 1089, 1181, 380, 800
t1392=1110, 762, 894
t1393=479
t1394=1150, 251
t1395=885
t1396=971, 1171, 948
t1397=1174, 861, 1124, 644, 1212, 460
t1398=63, 716, 792, 141
t1399=386
t1400=272, 387, 637, 210
t1401=210, 845
t1402=928, 231, 622, 761, 1188
t1403=629, 471, 1033, 670, 1174, 256, 196
t1404=778, 833
t1405=418, 216, 336, 880, 356, 596, 725
t1406=368, 1082
t1407=517, 494
t1408=712, 500, 960, 656, 770
t1409=134, 839, 975
t1410=207, 348, 596, 643, 900, 797, 1195, 362
t1411=467, 741, 701
t1412=413, 370
t1413=774
t1414=1200, 421, 1119, 493, 1132
t1415=527
t1416=442, 237, 725, 445, 1178
t1417=109, 555
t1418=316, 944, 344
t1419=153, 454, 744, 677, 691, 1088, 604, 624
t1420=1230
t1421=760, 264
t1422=639, 423
t1423=646
t1424=735, 691
t1425=1043, 390, 278, 965, 1217, 315
t1426=423, 1118, 1229, 615, 1099
t1427=565, 1178, 1118
t1428=771, 882, 1142, 522, 690, 371, 639
t1429=822, 619
t1430=760, 380, 822
t1431=1129
t1432=1225, 686, 734, 974, 169, 884
t1433=614, 764, 903, 637, 14
t1434=579, 1109
t1435=882, 847, 571, 1033, 875
t1436=838, 175, 211, 921, 1221
t1437=369
t1438=535
t1439=1093, 624
t1440=186, 532, 890, 157, 1215, 1122
t1441=145, 227
t1442=1230, 788, 1061, 985
t1443=670, 1179, 940, 752, 1136, 883
t1444=949, 129
t1445=718, 816
t1446=798, 59
t1447=481, 927, 532, 367, 242
t1448=1048, 350, 656
t1449=170, 831
t1450=958, 1009
t1451=483, 178
t1452=1146, 348, 812
t1453=319, 443, 762, 677
t1454=380, 942
t1455=913, 651, 563
t1456=945, 533
t1457=1221, 725, 1070
t1458=237, 817
t1459=1206, 347, 231, 199, 606
t1460=640, 1205, 532, 394
t1461=866, 818, 765, 939, 816, 904, 442, 1185
t1462=748, 771
t1463=1120, 173, 656, 771, 530
t1464=767, 1097, 1132
t1465=551, 186
t1466=93, 481, 148
t1467=729, 962, 953, 677
