totalreqs = 1237
totaltest = 1467
//------------------------------------//
// Test Case Versus Requirements Maps //
//------------------------------------//
t1=948, 950, 1069, 235
t2=1024
t3=135, 994, 1204
t4=385, 989
t5=787
t6=266, 282, 1237, 492, 806, 767, 943
t7=646, 623
t8=177, 209
t9=830, 1211
t10=784
t11=1010, 361, 616
t12=368, 807, 1204
t13=517, 1115, 440, 860, 935
t14=809, 374, 510
t15=297
t16=486, 916, 466
t17=181, 417, 1057, 894
t18=759, 713
t19=959, 144, 983, 779, 1007
t20=409, 193, 499
t21=368, 391
t22=911
t23=129, 1134
t24=974, 539
t25=233
t26=730, 597, 1125
t27=1223, 1228, 225
t28=576, 1072, 298
t29=531, 616, 808, 403, 181
t30=351, 671, 775, 435, 223, 744
t31=1128, 911, 967, 310
t32=1148, 125, 1026, 691
t33=883, 935
t34=568, 765, 91, 463, 894
t35=491, 851, 775, 765
t36=628, 255, 865, 828, 337, 629
t37=845, 1187
t38=809, 605
t39=381, 1040, 446, 427
t40=214
t41=1126, 429, 816, 1228, 1018
t42=728, 956, 522, 1016, 1118, 1087
t43=309, 699, 398, 653, 438, 1217, 1163, 647, 689, 175
t44=327, 1182
t45=694, 1071
t46=176, 774, 290, 1043, 960, 578
t47=1219, 326, 629
t48=675, 311, 751
t49=630
t50=816
t51=1120, 609, 360, 52, 1222
t52=815, 1099
t53=521
t54=777, 456, 1205, 533, 816, 1038, 501, 317, 716, 53, 330
t55=560, 720, 1084, 270, 924
t56=213, 15, 577, 733, 350
t57=448, 1156, 639
t58=806, 576, 779
t59=209
t60=396, 926
t61=683
t62=1023, 242
t63=1043, 363, 447
t64=700, 996, 1233
t65=317, 829, 531
t66=1163, 294
t67=1002, 204, 537
t68=540, 220, 675, 521
t69=361, 1218
t70=484, 838, 901
t71=1125, 150, 1204, 35
t72=268, 439
t73=1058, 1173, 905, 241, 638
t74=317, 439, 448, 134
t75=760, 490, 232, 134, 227, 878, 880
t76=891
t77=641
t78=972, 834
t79=162, 957, 1159, 386, 528, 678
t80=859, 361, 680, 168, 974, 995, 658
t81=721, 761, 1143, 523, 727
t82=160, 238, 484
t83=964, 498
t84=1057, 549, 506, 355, 1000, 964, 219
t85=936, 608, 1132, 1203
t86=676, 216
t87=528, 851, 450
t88=661, 233, 699
t89=320, 646, 313, 1150, 311, 839
t90=363, 656, 1036, 887
t91=699, 504
t92=728, 638
t93=849, 1035, 1171, 284
t94=714
t95=1125, 328, 323, 403, 282, 1167
t96=38, 147, 1129, 925
t97=927, 169, 1099, 1007
t98=456, 389
t99=565, 138
t100=422, 928, 997
t101=889, 1075
t102=495, 459, 631, 226
t103=765, 189, 851
t104=765, 537, 1049
t105=189, 555, 547
t106=153, 725, 1127
t107=434, 1087, 377
t108=294, 478
t109=386, 1165, 1198
t110=924, 594
t111=388, 367, 897, 832, 852, 1098
t112=879, 1038
t113=365
t114=445, 1033
t115=110, 605
t116=72, 446, 565, 507, 689, 794
t117=514
t118=362, 962
t119=302, 406, 282, 846, 913
t120=654, 395, 933
t121=935, 1203
t122=164, 897, 963, 875, 874, 1224, 548, 766
t123=358, 624, 417, 312, 678
t124=1194, 1122, 541
t125=137, 722, 695, 254, 932, 1176, 531, 1178, 430
t126=634, 871, 937, 1023, 266, 616
t127=1131, 560, 950
t128=880, 1001, 175, 930
t129=621, 725, 1228
t130=331, 427, 407, 1034
t131=427, 938, 1155, 415
t132=175
t133=851, 1114, 913, 681
t134=935, 545, 817, 916, 616, 1163, 618, 471, 1034, 9, 527, 259, 181, 693, 391, 1116, 1167
t135=1169
t136=503
t137=1231, 577, 293, 931
t138=964, 638, 1028, 610
t139=604, 360
t140=1072, 684
t141=331, 655
t142=602
t143=1203
t144=915, 269, 1131, 671, 382
t145=408, 909, 177, 399, 720, 100
t146=974, 303, 399, 1033
t147=409, 946, 169, 993
t148=429, 336, 1121, 774, 517, 944, 1092
t149=1206, 910, 908, 648, 710, 574
t150=404, 1139, 500
t151=794
t152=851, 902, 762, 772, 1124, 550, 797, 749, 471, 624
t153=1024
t154=601, 812
t155=645, 517
t156=990, 332, 710
t157=290, 297, 843, 173, 858
t158=969, 191, 665, 1142, 933, 1056, 1065
t159=946, 878, 1210, 975, 231, 649
t160=850, 641
t161=513
t162=402, 184, 684
t163=942, 511
t164=795, 1161, 1038, 992
t165=710, 355, 197
t166=943, 1017, 207, 716, 442, 640, 446
t167=1016, 1129, 373, 944, 418
t168=395
t169=1066
t170=119, 672
t171=645, 737, 664, 280, 430, 880, 486, 308, 775, 792, 498, 69, 18, 475, 337, 396, 1053
t172=644, 61, 437, 1017, 1013, 442
t173=871, 128, 716, 851
t174=962, 616, 717
t175=5, 1069, 962, 646
t176=146, 136, 485, 262
t177=709, 984, 772, 47, 770, 1069, 1015
t178=599, 344, 77, 1095, 205, 438, 998
t179=1087, 1083, 506, 737, 1049
t180=801
t181=730, 493
t182=414, 943, 185, 1041, 410
t183=293
t184=762, 536, 1161, 169, 1102, 994, 879, 549, 391, 907, 371, 1109
t185=375, 152, 801, 307, 685, 585
t186=14, 1160, 501, 1145
t187=1186, 589, 919, 1176, 1085, 983
t188=611, 796
t189=358, 582, 812
t190=111
t191=385, 413
t192=1155, 762, 880, 1158
t193=192
t194=627, 932, 155, 1137, 233, 730, 1160, 396, 523
t195=192, 149, 1045, 651, 726, 616, 138, 934
t196=1028, 1153, 1099
t197=453, 902, 1069, 680, 1138
t198=295, 922, 633, 1221, 1075, 774, 1170, 713
t199=250, 185, 764
t200=186, 879, 801, 440
t201=1112
t202=774, 534, 1057
t203=628, 531, 785, 421, 430
t204=917, 361, 592, 790, 1036, 772, 451, 967, 312, 636, 825, 99
t205=745, 70
t206=969, 895
t207=177
t208=899, 153, 1192, 711, 233, 894, 784
t209=192, 1149, 612, 280
t210=556, 346, 1095, 529, 993, 1165, 627, 1058, 369, 299, 1083, 341, 630
t211=685, 389, 923, 901, 225, 575, 917, 557, 226, 181, 360
t212=182
t213=1184, 331, 663, 1132, 21
t214=1224, 749
t215=124, 1179, 445, 149, 165, 1081, 857
t216=492, 501, 2, 1021
t217=481, 1162, 848, 1140, 1047
t218=549
t219=291, 1089, 1045, 615
t220=409, 1091, 1219, 228, 827
t221=871, 241, 1009, 584, 1054
t222=581, 286, 871, 167, 661
t223=536, 1065, 864
t224=829, 844
t225=243, 874, 531, 931
t226=363, 180, 1199, 144, 611, 209, 589
t227=771, 780, 399, 409
t228=257
t229=698, 420
t230=1059, 159
t231=1150, 277
t232=1177, 259, 430, 174, 883, 205, 469, 478, 297
t233=503, 255, 691, 532, 288, 940, 1081, 928, 312, 1099
t234=889, 298, 375
t235=348, 338, 514, 662, 636, 1113, 484, 312, 721
t236=976, 217, 297
t237=961, 512, 1016, 424, 1185, 808, 817, 294, 699, 6, 786, 1004, 158, 1093, 364, 1069
t238=381, 1194
t239=93, 1035, 1097, 408, 1148
t240=517, 1235, 251
t241=638, 1138, 245, 544, 819, 1136, 194, 155
t242=583, 982, 687, 562
t243=352, 146, 842, 410, 1178
t244=317, 737, 1140, 527
t245=1046, 1178, 829, 722
t246=837, 919, 1153
t247=920, 386, 743
t248=267, 486, 815
t249=772, 467
t250=358, 442, 476, 1065
t251=89, 1127
t252=350, 760, 727, 1114
t253=696
t254=1103, 493, 520
t255=282, 1084, 542, 235, 1016
t256=389, 858, 225
t257=310
t258=170, 174, 592
t259=511, 362
t260=572, 509, 55, 896, 873
t261=353, 651, 321, 225
t262=235
t263=475
t264=685
t265=92, 824
t266=979, 435
t267=1007, 541, 924
t268=587
t269=310, 620, 681, 1040
t270=659, 963, 327, 363, 1130, 892, 802, 749, 339, 556
t271=249, 435
t272=1105, 299, 937
t273=935, 128, 758, 432
t274=877, 128, 757, 307, 696, 180, 483
t275=577, 352, 177, 956
t276=560, 1132, 629, 901, 1127, 938, 1174, 992, 289, 209
t277=628, 1071, 817, 789, 914, 223, 467, 381
t278=530, 355, 801, 455, 776, 869
t279=806, 498, 192, 685, 66, 528, 313, 559, 866, 760
t280=931, 181, 488
t281=1128
t282=1193, 95, 1105, 1236, 1139
t283=42, 1156
t284=257, 274, 529, 1030
t285=232
t286=873, 830
t287=949, 475
t288=984, 722, 466, 810, 672
t289=904
t290=753, 384
t291=232, 504, 205, 760, 452
t292=1114, 1223, 780, 1107, 784
t293=939, 175
t294=845, 1084, 571
t295=583, 145, 503, 433, 1123
t296=913, 344, 906, 700, 1115
t297=441, 343, 558, 257, 203
t298=1126, 507, 179, 219, 423, 360
t299=822, 322
t300=1085, 133
t301=1177, 164, 173, 246
t302=414, 788
t303=247, 430, 790
t304=881, 107, 193
t305=440
t306=701, 1122, 975
t307=627, 1121, 758
t308=632, 611, 1179
t309=624, 885, 497, 175
t310=134, 737
t311=919, 892, 724, 282
t312=1069, 1023, 673, 622, 570, 1213, 1009, 908, 187
t313=163, 902, 867, 486, 451
t314=1081, 1070, 30, 831
t315=723, 1087
t316=947, 1058
t317=331, 85, 332
t318=850, 775, 1214, 439, 377
t319=274, 770, 485
t320=1138
t321=155, 408, 252
t322=685, 764, 461, 479, 1179, 882, 499, 1077
t323=961, 1129, 879
t324=306, 222, 645, 388, 944, 681, 634, 568, 812, 894
t325=152, 975, 176
t326=844, 693, 400, 549, 744, 299
t327=619, 484, 744, 878, 582, 1082, 503
t328=1005, 917
t329=1011, 1237, 662, 665, 189, 862, 787
t330=416, 862
t331=1221
t332=173, 527, 643, 283, 657
t333=977, 427, 1163, 236, 237, 1050, 792, 133
t334=1128, 873, 477, 373, 308
t335=518, 199, 1093, 492, 652, 895, 226, 366
t336=1067, 509, 190
t337=523, 841
t338=941, 870, 1032
t339=774, 1038, 1168, 967, 737, 924
t340=498, 378, 945
t341=224, 594, 630
t342=803, 399, 460, 503, 1024, 713, 609
t343=403, 712, 804, 1202
t344=388, 173, 1083, 1159, 1064, 549, 849, 807, 260, 941
t345=915, 1074, 202, 387
t346=880, 412, 1121, 1217, 623, 1210
t347=696, 851, 406, 537, 488
t348=977, 389, 1073, 731, 668, 436, 626, 756
t349=261, 802, 217, 850
t350=855, 292, 424
t351=332, 941, 396, 927
t352=791, 700, 752, 821
t353=259, 807
t354=745, 993, 542, 188, 943, 980
t355=1044, 399, 888, 187, 212, 298, 850, 444
t356=681, 982, 748, 253, 922, 152, 393, 514
t357=425, 784, 489, 1062, 187
t358=949, 628
t359=301, 388, 208, 650
t360=862, 1130, 766, 462, 305, 1064, 1189, 944
t361=945, 1218
t362=475, 1203
t363=713, 1103
t364=782, 1046
t365=531
t366=590, 850, 805
t367=348, 527, 408
t368=1155
t369=391, 563, 560, 359, 1035, 293, 484, 616, 746, 929, 583, 134, 365, 442
t370=553, 889, 664
t371=323, 911, 1143
t372=170, 1234, 1045, 417
t373=725, 513, 1227, 1226, 423, 512, 126
t374=304
t375=32, 538, 1133
t376=885, 702
t377=277, 850, 977, 736, 329, 284, 209, 146, 440
t378=983, 1104, 620, 841, 156, 1062, 1124, 750
t379=525, 501
t380=561
t381=157, 454
t382=815, 595, 737, 1041
t383=529, 1168
t384=258, 189, 525
t385=152, 1053
t386=592, 911
t387=339, 639, 1039
t388=1163, 1051, 767, 925
t389=765, 1146
t390=756, 605
t391=480, 482, 685
t392=1016
t393=945, 716
t394=1012, 1079, 1082
t395=385, 1165, 1184, 1230, 448, 759, 702, 312
t396=628, 812, 221, 260, 895, 214, 127, 411, 690, 317
t397=1170, 783, 260, 1138, 855, 930, 1166, 462, 787, 1151, 312, 590, 436, 704, 1032, 690, 633
t398=640, 811, 363, 711
t399=829
t400=1230, 1183, 424
t401=377, 765, 437, 1125, 424, 619, 546
t402=743, 694, 286
t403=240, 1143, 144, 685, 412
t404=134, 752, 1211
t405=1175, 403, 1134, 410
t406=281, 407
t407=1029, 149, 1137, 869, 1080
t408=237, 788, 1112, 416
t409=409, 549, 1164, 281
t410=549, 353, 438, 569, 402, 165, 606, 162
t411=436, 626, 1092, 216
t412=64
t413=895, 398
t414=813, 1203
t415=560, 617, 701, 678, 1065
t416=577, 1144, 172
t417=891, 436, 597
t418=962, 214, 388, 860
t419=1082, 230, 1093, 96
t420=337, 262
t421=922
t422=752, 162, 656, 1060, 1121
t423=955
t424=1209, 282, 719, 146, 125
t425=684, 1198, 1077, 687, 527, 387, 1133
t426=636, 312, 532, 844, 260, 1057
t427=940
t428=381, 995
t429=522, 616, 735
t430=338, 724, 372, 56
t431=282, 1118, 871, 646, 511, 747, 1119, 492, 515, 364, 1204, 332, 1102, 270, 981, 1047, 166
t432=286
t433=513, 288
t434=793, 399, 1197, 1034, 134, 1099
t435=714, 503, 513, 1066
t436=155, 381, 103
t437=143, 516, 407, 971, 1113, 899, 176
t438=484, 1043
t439=164, 815
t440=449, 137, 1021, 300, 29, 413, 251, 732
t441=134, 738, 983, 275
t442=880, 1180, 179, 526
t443=163
t444=368, 419
t445=232, 991
t446=161, 363
t447=554, 153, 1117, 372
t448=861, 1176
t449=909, 269, 346, 902, 287
t450=505, 569, 1086, 174, 424
t451=204
t452=1065
t453=1083, 1031
t454=1061, 554, 196
t455=436
t456=314, 769
t457=132, 689, 142, 999
t458=851
t459=1118, 429, 616, 166, 529, 964
t460=1230, 471, 171, 519
t461=820, 1184, 720, 576, 431
t462=915
t463=737, 354
t464=1090
t465=168, 735, 222, 944, 1073, 1206, 1021
t466=650, 443, 187, 277, 546
t467=847, 611, 1064
t468=598, 958, 338, 1215, 13
t469=341
t470=157, 839, 631, 287, 1085
t471=321
t472=924, 154
t473=772, 312, 1074
t474=152, 486
t475=1172, 1002, 164, 946, 221, 504, 909
t476=322
t477=1148
t478=1208, 636
t479=145, 950
t480=264, 686
t481=348
t482=1047, 487, 1105
t483=466, 389
t484=428, 867
t485=345, 1166, 536
t486=139, 158
t487=76, 1092
t488=826, 1181, 936
t489=1089, 702, 880
t490=180, 267, 803
t491=1213, 1209
t492=169, 1075
t493=653, 389
t494=384, 1138
t495=331, 559, 472
t496=192, 668
t497=1194, 804
t498=468, 987
t499=930, 1049, 229, 796, 1161, 253
t500=892, 708, 977, 1205
t501=342, 845, 552
t502=694
t503=218, 1153
t504=1079, 678
t505=1173, 131
t506=1049, 557
t507=288, 970, 1219, 221, 1022
t508=509, 612
t509=901, 484, 496, 672
t510=349, 202, 339, 486
t511=1171, 678
t512=399, 1031, 467
t513=847, 286, 247, 571
t514=708, 1034
t515=505, 760, 237, 731, 736
t516=676, 450, 25, 1136, 738, 736, 834, 143, 477
t517=1180, 765, 891
t518=363, 1148
t519=436
t520=268, 810, 915, 503, 123, 754, 1046, 752, 385, 186, 1054
t521=1045, 1195, 364
t522=1025, 1163
t523=774
t524=360
t525=943, 335, 276
t526=621, 941, 863, 189
t527=346, 509
t528=156, 339, 148
t529=1030
t530=471, 271, 639, 140
t531=1029, 152, 51
t532=216, 189, 850
t533=1081, 420, 926, 313, 714
t534=363, 926, 807, 308, 334, 474, 136, 433
t535=953, 915, 27, 137
t536=1138, 509, 446
t537=458, 143, 1134
t538=192, 271, 43
t539=1087
t540=436, 165
t541=669, 19, 627, 972, 516
t542=1233, 904, 1216, 246
t543=512, 1185, 146, 527, 968, 485
t544=553, 593, 205
t545=1115, 363, 414, 183, 630, 1099, 918
t546=1125, 666
t547=1206, 915, 58, 854, 1230
t548=336, 217, 877, 78
t549=549, 1209, 733, 947, 484, 520, 705, 616
t550=321, 1218, 1225, 201, 361, 206, 865, 374, 1050, 1106, 1142, 1127, 1222, 780, 489, 149, 768, 75, 351, 400, 150, 759
t551=1137, 1130, 1159, 226, 726, 877, 969, 569, 104, 86, 486, 829, 296, 1131, 636, 605, 879, 459, 1149
t552=1091, 600, 852, 812, 522, 23, 1139, 453, 568, 260
t553=16, 1105, 339, 346, 113, 498
t554=291, 621, 1114, 402
t555=989
t556=605, 130, 514, 923
t557=455, 170, 1146, 904, 592, 207
t558=148, 1056, 713, 636, 1221, 1155
t559=320
t560=259, 901, 981
t561=216, 789, 870
t562=861, 733, 1205, 917
t563=1017, 610
t564=471, 679
t565=465, 793, 1119, 340, 265
t566=278, 592
t567=904, 1232
t568=1015
t569=283, 983, 579
t570=377, 429, 341, 970, 1099
t571=1093, 987, 764
t572=812
t573=540, 414, 685, 973, 696
t574=534, 1008, 867
t575=830, 635
t576=770, 697, 409, 708, 268, 915
t577=717, 430
t578=610, 342
t579=1128, 1161, 234, 391, 872, 1069
t580=260, 598, 676, 529, 182
t581=998, 1185, 482
t582=800, 333
t583=1123, 1102, 602
t584=179, 339, 361, 300, 389, 283, 257, 698, 605, 869, 906
t585=905, 151
t586=1165
t587=911, 837, 770
t588=820, 657
t589=845, 548
t590=878, 645, 457, 973
t591=454, 570, 1183, 539, 894
t592=4
t593=428, 295, 668
t594=202, 393, 367, 311
t595=1107, 900
t596=138, 593
t597=755, 630, 572, 498, 1161
t598=430, 1146, 191
t599=1056, 298, 603, 665, 533
t600=144, 748, 272, 1179, 1225, 716
t601=447, 1129, 1004, 1147
t602=248
t603=1059, 342, 466, 1159
t604=900, 916
t605=676, 343, 221, 791
t606=362, 1120, 608, 799, 508, 340, 346, 901, 222, 139, 528, 817, 1234, 1028
t607=322, 1069
t608=206, 434, 294, 1205, 565, 366
t609=465, 779
t610=886, 346, 256
t611=667, 238
t612=395, 740, 1221, 627, 1178, 175
t613=457, 1027
t614=229, 755, 1021, 530, 162, 988
t615=1236, 807
t616=774, 122
t617=947, 392, 427, 588, 736, 1181, 236, 579
t618=561, 1163
t619=810, 597
t620=472, 243
t621=415
t622=1200, 488, 438
t623=1100, 239, 685, 1143, 852
t624=1152, 345, 545
t625=488, 45
t626=36, 785, 355
t627=844
t628=1034, 500
t629=1204, 1184
t630=377, 864, 807
t631=412, 197, 1108
t632=996, 487, 794
t633=358, 751, 397
t634=702, 160, 743, 578, 842, 182
t635=629, 1235, 328, 1002
t636=707, 522, 437
t637=269, 454, 722
t638=675, 702
t639=675, 881
t640=424
t641=579
t642=147, 963, 971, 685
t643=784, 564, 495
t644=145, 477, 793
t645=347, 941
t646=156, 1225
t647=866, 629, 404, 1231, 1228, 452
t648=238, 1149
t649=233, 366, 205, 578, 630
t650=428, 205, 662
t651=559, 155, 586
t652=361, 971, 244
t653=227
t654=1234, 1135, 293, 844, 282, 302
t655=160, 440
t656=1026, 879, 478, 782, 26
t657=676, 281, 971
t658=958, 134
t659=743, 1064
t660=1096, 635, 547, 324, 804, 761, 723
t661=175, 1180
t662=1191, 193, 1086, 775, 1137, 1228
t663=712, 467, 737
t664=746, 701, 503
t665=583
t666=685, 1161
t667=995, 676, 467
t668=646
t669=65, 1053, 979, 601, 1077, 693, 778, 1198
t670=152, 759
t671=1183, 1032
t672=1002, 190
t673=530, 685, 527, 259, 1085, 134
t674=461, 368, 1083
t675=1233, 816, 167
t676=763
t677=488, 363, 517, 727, 808, 135, 856, 556, 148, 1119
t678=618, 319, 1230
t679=854, 970
t680=957, 950
t681=693, 613
t682=755, 421, 589
t683=272, 1041
t684=1157, 1029, 545, 1053
t685=967, 1206, 181, 1226, 595, 1081, 328
t686=255, 454, 850, 308, 1128, 990, 270
t687=1145
t688=1099, 809
t689=664, 168, 1195, 1123
t690=480, 1040, 831, 693, 481
t691=900, 152, 350, 499, 913, 1025, 770
t692=1064, 531, 880, 1190, 926, 602, 1103
t693=909, 1072
t694=533, 411
t695=578, 254, 246
t696=985, 638
t697=324, 527
t698=1187
t699=396, 152
t700=986, 1025, 33
t701=174, 1027, 962, 340
t702=215
t703=870, 1214
t704=643, 1203
t705=284, 677
t706=240, 730
t707=730
t708=473, 509, 441, 1189, 840
t709=213, 850, 952, 867, 135, 241, 270, 1141, 756, 1022, 1110
t710=812, 704, 737, 386
t711=471, 460
t712=1226, 811, 1173
t713=374, 549, 1216, 170, 667, 318, 1109, 376, 1179, 687
t714=838, 916, 247
t715=974, 704
t716=1177, 564
t717=239, 1144
t718=938, 475
t719=1175, 1098
t720=455, 862, 567, 903
t721=940, 175
t722=494, 871
t723=583, 125, 195, 1177, 508
t724=1226, 543, 195, 1112
t725=591, 314, 239
t726=625, 1139
t727=1117
t728=548
t729=293, 238, 240, 1052
t730=446, 851, 740, 1228
t731=250
t732=432
t733=1006, 226, 615
t734=485, 716, 391, 542
t735=728, 1030, 1170, 363
t736=291, 940, 826, 166, 534, 335, 399
t737=130
t738=795, 322, 172, 573, 509, 1152, 686
t739=149, 639
t740=488, 889, 409, 441, 678, 552, 545, 829, 1125
t741=353, 735
t742=286, 449, 1150, 929, 524, 815, 612, 429
t743=353, 1074, 915, 983
t744=794, 1069, 707, 523
t745=595, 1074, 674, 1179, 471, 748
t746=938, 1230, 296, 879
t747=1076, 766
t748=178, 176
t749=476, 682
t750=636, 620, 312, 1177, 193, 1, 480
t751=747, 1055, 821
t752=1099, 840, 361, 1052, 340, 565, 257
t753=17, 571
t754=942
t755=374, 881, 252
t756=1123
t757=181, 946
t758=850, 851, 736, 597, 916
t759=472, 199
t760=1049, 985
t761=212, 982, 463, 1228, 433, 205, 569, 1084
t762=864, 1074, 1191, 759, 936, 898, 1127, 901, 416, 460, 273
t763=983, 1224, 950, 643
t764=798, 802, 46, 1164, 942, 573, 503, 227
t765=573, 471
t766=54, 206
t767=974, 952, 423, 513, 517
t768=209, 443, 911, 906
t769=981, 470, 493, 647, 1215, 245, 534
t770=450, 1142, 886, 121, 429
t771=1069, 1066
t772=596, 661
t773=154
t774=1021
t775=1081, 1028, 1012
t776=1102, 187
t777=743, 993, 584
t778=789
t779=413
t780=963, 365, 991
t781=639, 352, 581
t782=814, 282, 1021, 576, 1001, 972
t783=1139, 611, 873, 1156
t784=929, 1237
t785=919, 842
t786=637, 881
t787=1141, 484
t788=188, 568, 631, 523
t789=702, 713
t790=213, 316, 186
t791=1170, 334, 723, 160, 729
t792=423, 478, 924, 312, 426, 987, 37, 898, 1174, 705
t793=727, 1072, 741, 713
t794=146, 453
t795=208, 932, 643, 1014, 1039, 270, 389, 1145, 63, 868
t796=451, 864, 966, 1163, 874, 1050, 495, 877, 739, 813, 81, 968
t797=929
t798=729, 644, 903, 437
t799=74, 776
t800=594, 413
t801=304
t802=24, 814, 1102, 374, 41, 203, 1133, 868, 292
t803=608, 621
t804=773, 1220
t805=999, 569, 289, 223, 683, 989, 694, 1079, 879, 697, 430, 842
t806=996, 716
t807=740, 698, 543, 750, 400, 1140, 1169, 288, 736, 855
t808=1211, 886
t809=634, 460
t810=928, 846, 834
t811=146, 876, 633, 965
t812=326, 1205
t813=707, 512, 214, 899
t814=451, 289, 939, 1206, 1179, 671
t815=449, 892, 382, 465, 176, 1078, 234, 832
t816=1076, 210, 873, 961
t817=943, 887, 1025, 1112, 341
t818=321, 623, 1214, 1104, 717
t819=1098, 1020, 1097, 1022, 714, 528, 1018, 853
t820=486, 396
t821=424, 698, 931, 1063, 713, 616, 1077
t822=741
t823=634, 359
t824=1036, 463, 563, 98
t825=743, 249, 395, 901, 213, 132, 177
t826=348, 1056, 1035, 797
t827=1004, 244
t828=142, 1182
t829=452, 1162, 725, 1099
t830=974, 545
t831=1057, 667, 1075, 1136, 988, 875, 743, 772, 101, 288
t832=881, 429, 1012, 160
t833=678, 370, 483
t834=155, 902
t835=1080
t836=670, 1103
t837=1164, 263
t838=316, 285, 1005, 349, 141, 259, 648, 549, 264, 328, 673
t839=964, 361, 1130, 766, 467, 643, 8, 57
t840=632, 1162, 231, 489, 586
t841=146, 966, 1163, 1028, 257
t842=423, 669, 842, 510, 963, 484, 991, 374
t843=299, 894, 225, 185, 414, 453
t844=489, 902, 823, 445, 475
t845=256, 671, 765
t846=392, 317, 652
t847=135, 565
t848=840, 331
t849=133, 1218, 443
t850=1074, 415
t851=890, 459, 868, 355
t852=647, 1099, 381, 884, 694
t853=179, 356, 211
t854=1184, 10, 871
t855=158, 242, 140, 437, 446
t856=1002, 956
t857=325
t858=404, 274
t859=513, 118, 1088, 848
t860=109, 365, 1009
t861=1068, 713, 198
t862=173, 212, 535
t863=1187, 882, 917, 403
t864=273, 517, 568, 489, 504, 266, 246
t865=817, 806
t866=983, 285, 374, 969, 718, 191, 321
t867=200, 300, 321, 884
t868=308, 951, 141, 1190
t869=1037, 487
t870=465, 620
t871=579, 1158, 161, 1133, 838, 22, 678, 1064
t872=316, 680
t873=1197, 186, 880, 127, 1135, 319
t874=530, 747, 818, 198
t875=1223, 589, 965
t876=413, 1147, 629
t877=1099, 152, 287, 1151, 690, 684, 946
t878=227, 1089
t879=684, 772, 1038, 694, 259, 744, 769, 1071, 765, 925
t880=985, 346, 712, 586, 972, 477
t881=816, 440, 850, 692
t882=860, 319, 1019, 1171
t883=282, 319, 1119, 763
t884=854, 1222, 1068, 447, 1206, 492, 203, 1100
t885=523, 259, 516
t886=736, 827, 716
t887=946, 910, 1004
t888=464
t889=1067, 1179
t890=935, 928, 848, 1234
t891=885, 20, 649, 1078, 200
t892=713, 794, 1020
t893=263, 631, 280, 1225, 421, 39, 1091
t894=295, 348, 727
t895=607
t896=888, 741
t897=958, 648, 136, 872
t898=760, 642, 740
t899=1088, 727, 1093
t900=1168, 413, 166
t901=855, 756, 959, 962, 963
t902=993, 328, 129, 634, 146, 884, 1194, 260, 1156, 337
t903=704
t904=725, 899
t905=744, 624
t906=291
t907=1236, 775, 828, 818, 460, 146, 479, 809, 199, 1040, 710, 155, 769
t908=859, 280
t909=605
t910=579, 943, 1163, 493
t911=308
t912=291, 497, 764, 826, 498, 520, 214, 1076, 136, 715
t913=604, 1231
t914=963, 498, 143, 1153
t915=220
t916=434, 746, 818, 653, 454, 1034, 857, 536
t917=567, 417, 740, 167
t918=835, 127
t919=195, 907, 587, 245
t920=573, 702, 727, 299, 550, 176
t921=1043, 588, 728, 866, 732, 331, 938, 921, 616
t922=1018, 799
t923=802, 90, 1194
t924=920, 155
t925=171, 1213, 884
t926=1033, 367, 518, 143, 1181, 1061, 7, 778, 677, 497, 606, 1186, 498
t927=954, 1121, 492, 702, 656, 625, 255, 534, 1040
t928=773, 717
t929=199, 509, 145, 446, 538, 130
t930=760, 743, 1094
t931=1003, 299, 238, 988
t932=634, 922, 1006, 1154, 334
t933=697, 1059
t934=361, 214
t935=238
t936=346
t937=1227, 874, 802, 301
t938=309, 1075, 378
t939=558, 991, 583
t940=1112, 710
t941=309, 1040
t942=829, 896, 399, 175, 512, 392
t943=794, 210
t944=314, 397
t945=1188, 241
t946=796, 1001
t947=897
t948=801, 1098, 1003
t949=356, 671
t950=59, 243, 1127
t951=374, 424, 197, 336
t952=167, 886, 381
t953=429
t954=1013, 919, 1044, 478, 902
t955=167, 820
t956=935, 585
t957=82
t958=829, 420
t959=742, 974, 308
t960=735, 1106
t961=368
t962=1236, 923
t963=663, 200, 1017, 330
t964=909
t965=844, 816, 740
t966=1154, 850, 787, 1190
t967=924, 549, 1179, 286
t968=1191
t969=917
t970=491, 224, 941, 185
t971=503, 169, 937, 1074
t972=771, 12, 428
t973=204, 479
t974=160, 749, 930
t975=596, 453, 1009, 820, 815, 919, 1228
t976=490, 256, 311
t977=866, 1106, 154, 387
t978=1220, 413, 765, 427
t979=1229, 159
t980=851, 800
t981=293
t982=349, 887, 1025, 209
t983=1177, 960, 837
t984=1042
t985=106, 471, 1063
t986=354, 974
t987=646, 765
t988=847, 332
t989=409, 835, 634, 142
t990=517, 380, 782, 836, 543
t991=361, 526, 79, 1232
t992=261, 594, 309
t993=681
t994=1007
t995=698, 613
t996=399, 249, 1004, 944, 925
t997=308
t998=97
t999=553, 901, 610, 1202
t1000=568, 191
t1001=1204
t1002=561, 962, 983, 902, 988, 893, 556, 512
t1003=800
t1004=1132, 1166, 1060, 286, 1237, 546
t1005=514, 341, 1087
t1006=684
t1007=251
t1008=1002, 603
t1009=144, 979
t1010=138, 1080, 783
t1011=1047
t1012=199
t1013=957, 1028, 706, 150, 386, 1155
t1014=482, 496, 551, 506, 1187, 339, 279, 631, 755
t1015=277, 164, 354, 1143, 1001, 545, 1007, 897
t1016=380, 288
t1017=945, 984
t1018=768, 783
t1019=470, 460, 552
t1020=757
t1021=439, 1081, 244, 214
t1022=558, 349
t1023=719, 1017
t1024=645
t1025=211, 902, 910, 472, 641
t1026=470, 828, 975, 1190, 839
t1027=675, 713, 951, 729, 485, 469, 436, 1225, 1237, 458
t1028=888, 522, 509
t1029=870, 501, 1181, 221, 71, 833, 1196
t1030=309, 446, 965, 555, 1035, 1196, 1212
t1031=912, 928
t1032=332, 851
t1033=883, 727, 734, 267
t1034=1034, 271, 486, 274
t1035=333, 976, 201, 413, 1019
t1036=801
t1037=1210
t1038=3, 143, 544
t1039=603, 614, 1010, 1120, 924, 764, 1102, 450
t1040=1005, 937, 341, 854, 964, 656, 765, 978, 532, 1122, 379, 695
t1041=609, 1184, 545
t1042=657, 578
t1043=1146, 161, 949, 462, 1194, 809, 878, 729
t1044=661, 941, 522, 1069, 488
t1045=670, 717, 708
t1046=482
t1047=389, 592, 1069, 1079
t1048=737, 374, 881
t1049=470, 775
t1050=737, 1212, 1124, 1210
t1051=901, 839, 984
t1052=869, 607
t1053=457
t1054=604, 751, 574
t1055=1027, 150, 448, 850
t1056=774, 602, 1096, 478, 1043
t1057=624, 825, 805, 537, 753, 380
t1058=998, 1113, 396, 1002, 1165, 340, 826, 178
t1059=860, 565, 1154, 830, 370, 376
t1060=718, 1007, 809, 922, 736
t1061=893, 136
t1062=453, 424, 294
t1063=1209
t1064=789, 577, 276, 358
t1065=1087
t1066=325
t1067=428, 350, 809, 362
t1068=960, 182, 196
t1069=575, 675, 387
t1070=1068, 258, 601, 896, 939
t1071=762, 1189, 285, 1230, 818
t1072=778, 192
t1073=901, 765, 708, 1179, 516
t1074=415, 1138, 205, 944, 822
t1075=1022
t1076=490, 1148, 1051, 506
t1077=669, 901, 390, 194, 1163, 941, 591, 1108, 495, 333, 500, 700, 1207, 88, 1195, 1199, 967
t1078=1062, 823, 1226
t1079=987, 312, 938
t1080=455, 294
t1081=1130
t1082=664, 981, 1028
t1083=1089
t1084=993, 867
t1085=857
t1086=598, 811, 1111, 261, 190, 446, 282, 365, 994, 1053
t1087=346, 390, 322, 535
t1088=576, 151, 381, 1085
t1089=363, 409
t1090=437, 258
t1091=735, 509, 642, 149
t1092=1073, 374, 582, 1188, 1101, 948, 398, 147
t1093=880, 667, 141, 607, 1129, 857, 624, 389, 943, 691, 938, 538, 435, 1128
t1094=327, 717
t1095=1199, 668
t1096=125, 358
t1097=887, 1086, 1071
t1098=1214, 1060, 490
t1099=179, 888, 909, 808
t1100=1232, 382
t1101=395, 631
t1102=692, 209
t1103=888, 880, 944, 1122
t1104=530, 959, 1069
t1105=1138, 1014
t1106=1048, 1117, 811
t1107=145, 498, 1019, 343
t1108=577, 840, 1016, 356, 292
t1109=1076
t1110=935, 964
t1111=944, 1185
t1112=265, 968
t1113=740, 953, 836, 657, 159, 175
t1114=1224, 827, 494, 709, 389, 956
t1115=963
t1116=414, 200
t1117=1182
t1118=520, 810, 721, 1232, 448
t1119=353, 580
t1120=750, 856
t1121=342, 1172
t1122=175
t1123=1011
t1124=1193, 171, 903, 276
t1125=814, 718, 115
t1126=995, 1200, 912, 735, 479
t1127=253, 880, 1015, 187, 188, 683
t1128=589, 1035, 890, 560
t1129=1033, 737
t1130=942, 405, 1165, 173, 641, 130, 460, 916
t1131=760, 360
t1132=480, 847
t1133=456, 640
t1134=1175, 810, 799, 1111, 354, 170, 852
t1135=527, 855, 209, 187, 612
t1136=630, 173
t1137=1195
t1138=355, 1228
t1139=517
t1140=298, 692
t1141=301, 655, 159, 978
t1142=487, 548, 1133, 639
t1143=644, 616, 341, 439, 997, 308, 1026, 663, 779, 813, 639, 892
t1144=504, 386
t1145=1050, 1153
t1146=391, 1155, 225, 830, 653, 1176
t1147=1155, 781, 399, 282, 584
t1148=376, 730, 411
t1149=737, 773, 354, 410, 305, 655
t1150=717, 384, 34, 278
t1151=429, 391, 380, 625
t1152=503, 678, 509, 315
t1153=998, 172, 347
t1154=202, 974, 551, 149, 1236, 422, 237
t1155=714
t1156=326, 173
t1157=870, 424
t1158=836, 859
t1159=209, 1163, 290
t1160=878, 48
t1161=117, 126, 674, 1092, 1168, 494, 765, 1179, 702
t1162=377, 788
t1163=206, 442, 1185, 1064, 652, 363, 569, 1007, 31, 594, 401
t1164=389, 1050, 503, 637, 754, 1044, 1216
t1165=329, 974, 1157
t1166=279, 1113, 823
t1167=1144, 316
t1168=377, 463
t1169=950, 300, 258, 114, 1224, 742, 112
t1170=837, 1130, 830, 664, 1090, 523, 852
t1171=619
t1172=221, 894, 338
t1173=597
t1174=134, 377
t1175=328, 472
t1176=1188
t1177=415, 649, 829, 278, 774
t1178=402, 1028
t1179=1001, 1066
t1180=867, 1053, 943
t1181=1105
t1182=94
t1183=1162, 762, 365, 413, 1230, 338, 534, 482
t1184=1207
t1185=120
t1186=439, 1185
t1187=397
t1188=650, 602
t1189=1221, 381, 347, 1043
t1190=526, 369
t1191=399, 1009, 614, 1161, 610
t1192=803, 1218, 116, 375, 513
t1193=206, 577
t1194=571
t1195=425, 1123, 291, 50, 454, 534, 1137
t1196=725, 715
t1197=583, 925, 851, 173, 294, 1155, 509, 1217
t1198=498, 801
t1199=410, 599, 685, 871, 665
t1200=299
t1201=487, 498, 1097, 452, 832
t1202=444, 1170, 280, 656, 887
t1203=671, 1224, 776
t1204=946, 1043, 745
t1205=714, 1181
t1206=524, 510, 126, 1194
t1207=320, 184
t1208=599, 926, 878, 691, 469
t1209=918, 535, 469, 230, 1155
t1210=238, 1225
t1211=535, 699, 602
t1212=509
t1213=635
t1214=303, 1017
t1215=174, 414
t1216=204, 740
t1217=410, 130
t1218=1135, 464, 793, 312, 915, 528, 971
t1219=360, 357
t1220=1204, 858, 355
t1221=346, 991, 417, 836, 451, 1039, 700
t1222=405, 1093, 915, 964, 147, 524, 682
t1223=889, 459
t1224=997, 473, 512, 1203
t1225=530, 763, 650, 1136, 703, 614
t1226=947
t1227=144, 633
t1228=494, 565
t1229=327, 644, 437, 1195, 125, 436, 1069
t1230=616, 489, 531, 341
t1231=1046, 566
t1232=401
t1233=871
t1234=748
t1235=826, 1034, 638, 732, 467, 960, 512, 1219
t1236=259, 896, 1174
t1237=784, 1014, 1093, 575, 324, 468
t1238=1198, 83
t1239=1020, 727, 512, 659, 583, 333, 660, 697, 706
t1240=354
t1241=1099, 1010, 226, 170, 1074, 724, 176, 670, 999, 434, 102, 617, 288
t1242=768, 576, 1230, 383, 639
t1243=363, 248, 1053, 921, 379
t1244=1128
t1245=880, 388
t1246=963, 748, 638, 866, 519, 173, 1225
t1247=1088, 11
t1248=67, 403
t1249=1011, 654, 757
t1250=1192, 464, 1070
t1251=534, 249
t1252=845, 199, 937
t1253=391, 1159, 1017
t1254=326, 315
t1255=601, 960, 923
t1256=1141
t1257=182, 166
t1258=709, 463, 289, 1228
t1259=1093, 879, 232, 1081, 509, 859, 404, 620, 394, 185
t1260=1053
t1261=232, 353
t1262=565, 282
t1263=922, 346, 1037
t1264=440, 1009
t1265=432, 166, 279, 273
t1266=924, 371, 310
t1267=150, 583, 394
t1268=1193, 604, 321
t1269=362
t1270=297, 1095, 389, 704, 192
t1271=843, 764
t1272=611, 1173, 1004, 764
t1273=501, 739
t1274=937, 1155, 397, 911
t1275=522, 519
t1276=300, 512
t1277=1055, 853
t1278=617
t1279=630
t1280=388, 843
t1281=798, 745
t1282=413, 566
t1283=658, 458, 522
t1284=1164, 842, 980
t1285=727, 348, 524, 287, 864, 228
t1286=1071, 379, 304
t1287=571, 422, 809, 661, 451, 958, 1172
t1288=84, 105, 1069, 836, 155
t1289=824, 967, 184, 776, 462
t1290=787, 1229
t1291=1009, 239, 862, 339
t1292=1153, 357, 933, 943, 274, 40, 424, 917
t1293=1017, 1127
t1294=765, 527, 1022, 845, 952, 276, 1066, 575, 310
t1295=1203, 549
t1296=414
t1297=262, 1153, 781, 143, 680, 907, 1004, 616, 623
t1298=574, 187, 1027
t1299=639, 698, 754, 522, 872, 568, 310, 365, 216
t1300=880, 503
t1301=322, 748
t1302=474, 657, 264
t1303=871, 967
t1304=893
t1305=1112, 243, 780, 528, 622, 929, 1046, 516, 426, 568
t1306=906, 185
t1307=1088, 168, 1090, 896
t1308=388, 956
t1309=850, 468
t1310=1178
t1311=420, 1122, 711
t1312=440
t1313=44, 925, 168, 679
t1314=565
t1315=737, 741, 338, 676, 722
t1316=508, 671, 418, 1108, 845, 134
t1317=28, 584, 699, 816
t1318=202, 108, 833, 898, 312
t1319=694, 616, 1196
t1320=226, 1116, 1204, 538, 514
t1321=458
t1322=740, 161, 318, 935, 215, 1229, 330, 949, 1201, 417
t1323=216, 1077, 845, 1062
t1324=233, 746
t1325=1184, 758, 183
t1326=511, 917
t1327=1140
t1328=734
t1329=740, 462, 1178, 935, 1025, 176, 816
t1330=743, 275
t1331=238, 1108
t1332=419, 660, 505, 894, 435, 220
t1333=709, 239, 830, 377
t1334=396, 353, 611, 430, 745
t1335=277
t1336=922, 1143, 349, 1202, 984
t1337=784
t1338=588, 652, 696, 341
t1339=944
t1340=130, 1034, 554
t1341=954, 1075, 454
t1342=1204, 239, 768, 344, 1005, 354, 995, 894
t1343=963, 242, 737, 388, 1000
t1344=967, 557, 710, 863
t1345=267, 945, 163
t1346=584, 308, 1225, 73, 345, 499
t1347=282, 675, 555
t1348=946
t1349=502, 196
t1350=780, 1049, 967, 1167
t1351=171
t1352=1117, 1013, 373, 752, 1198, 1230
t1353=794, 398, 295, 1155
t1354=903, 133
t1355=205, 361, 1186
t1356=234
t1357=286, 381, 523
t1358=975, 271
t1359=1075, 850
t1360=481, 902
t1361=731, 584
t1362=771, 468, 173, 956, 870, 922, 772, 949
t1363=1121, 815
t1364=750, 525, 786, 413, 896, 217
t1365=1140, 644, 369, 441
t1366=440, 364, 563
t1367=492, 1122, 1046, 878
t1368=174, 662, 416
t1369=150, 887
t1370=1118, 1100, 711, 925, 268, 969, 971, 941, 404, 247
t1371=68, 1010
t1372=371, 172, 339, 1089
t1373=930, 190, 751
t1374=622, 1045, 297, 1040, 355, 1170, 431, 1084
t1375=1115, 864, 910
t1376=1156, 389, 1069, 755
t1377=709, 886
t1378=894, 597
t1379=331
t1380=132
t1381=632, 441, 411
t1382=214
t1383=295, 322
t1384=80, 867, 889, 853, 1095, 429
t1385=363, 793, 777, 750
t1386=1218
t1387=880, 1121, 235, 934
t1388=283, 923, 774, 1236, 967, 1193, 191, 383, 567
t1389=738, 1155
t1390=1194
t1391=1101, 174, 1107, 839, 1125, 509, 941
t1392=553
t1393=132, 337
t1394=835, 297
t1395=645, 493
t1396=562, 1166, 911, 1037
t1397=515, 473, 150, 660, 880
t1398=726, 582, 1035, 652, 1077
t1399=295, 988, 943, 387, 209, 341
t1400=980, 909, 1022, 986
t1401=319, 989, 583, 817, 698
t1402=1062, 293, 669, 280
t1403=143, 503
t1404=835, 176, 353, 1230
t1405=1092, 993, 1069
t1406=594, 444, 149, 443, 138
t1407=1204
t1408=864
t1409=504, 346, 1061
t1410=749, 1168, 759
t1411=60, 415, 437, 960, 360, 1077, 1069
t1412=929, 1018, 502, 224, 295, 1172, 189
t1413=919, 1102, 153, 672
t1414=565, 971, 442, 489, 337, 845, 1208
t1415=1000, 626, 1208, 742, 666
t1416=992, 179, 169
t1417=600, 1221, 233, 538
t1418=917, 668
t1419=1130
t1420=1164, 453
t1421=935
t1422=318, 876, 564
t1423=1033, 194, 623, 572
t1424=87, 62
t1425=938, 885
t1426=340, 714
t1427=678
t1428=509, 1165
t1429=1019, 686, 261, 870, 290, 549, 688
t1430=832, 1201, 846, 1034
t1431=995
t1432=637, 711, 657
t1433=931, 1204
t1434=173
t1435=721, 860
t1436=180, 896, 914, 587, 498, 563
t1437=501, 684
t1438=1140, 278, 250, 601
t1439=954, 819
t1440=1111, 407
t1441=1168, 797, 433
t1442=280, 675, 1236, 596, 656, 760, 1195, 49, 1034, 306
t1443=1208
t1444=641, 688, 279, 599, 729
t1445=347, 1122, 1069
t1446=691, 1208
t1447=438, 441, 1204, 742, 193, 578, 503
t1448=1043, 713, 750, 388
t1449=912, 375, 580, 547
t1450=131, 345, 1034, 522, 1230, 489
t1451=973, 1022, 864, 1236, 1099, 890, 1017, 1215, 389
t1452=703, 866, 1072, 772
t1453=218, 1236
t1454=1110, 874
t1455=458
t1456=296, 646
t1457=159
t1458=156
t1459=433, 518, 845, 636
t1460=955
t1461=1094, 335, 979, 842, 1060
t1462=1042, 1124
t1463=795, 655, 277
t1464=237, 1146
t1465=1008, 508, 259, 765
t1466=875, 1048, 390, 1214
t1467=423
