totalreqs = 1237
totaltest = 1467
//------------------------------------//
// Test Case Versus Requirements Maps //
//------------------------------------//
t1=753
t2=1138, 920
t3=614
t4=1079, 1158, 949, 1202, 1144
t5=250, 1021
t6=1221, 500, 147, 226, 1181, 907, 384
t7=518, 370, 1068, 182
t8=934, 864, 152, 414
t9=1202, 10, 144
t10=819
t11=1081, 887, 1117, 972
t12=198, 1187, 144, 392
t13=836
t14=1040, 151, 518, 913, 861, 139
t15=1169, 309, 1087, 961, 1067, 723
t16=201, 476
t17=427, 705, 415, 934, 1049
t18=1129, 650, 946
t19=952, 849, 1134, 370
t20=847, 490
t21=761, 790, 444, 1060, 277, 163, 1160
t22=1099, 1235, 671, 407
t23=131, 868
t24=1117, 796, 290, 1116, 966
t25=569
t26=838, 141, 1237
t27=295, 977
t28=845, 651, 139, 970, 173, 607, 587, 1170, 971, 1121, 589
t29=991, 1173
t30=279, 115, 1164, 803, 1071, 962, 268
t31=356, 1032
t32=1015, 474, 894, 701
t33=864, 541
t34=974, 650
t35=842, 1150, 1047, 210, 21, 841, 694, 574, 804, 1038, 809, 202, 1058
t36=900, 129, 247, 901, 1087
t37=1136, 203, 728, 1009, 726, 1029, 1002
t38=837
t39=315, 1200, 582, 235
t40=893, 917, 955, 1049, 572, 577
t41=965, 340, 932, 874
t42=1219, 1192, 512
t43=504, 1053, 877, 243, 1110
t44=1130, 1231, 1103
t45=842, 644, 184, 812, 225, 384
t46=933
t47=882, 1098
t48=1097, 829
t49=1180, 1085, 670
t50=800, 42, 1106
t51=473, 313
t52=445, 1089
t53=574, 1000, 540
t54=163
t55=800, 450, 233, 206, 393, 1001
t56=472, 696, 924, 258, 1231, 1147
t57=335
t58=1190
t59=711, 415
t60=496, 634, 484
t61=482, 916
t62=1028, 995, 332
t63=791
t64=249, 44, 368, 584
t65=620, 313, 264, 350, 602
t66=974, 727
t67=745, 346
t68=1215
t69=1221, 1073, 481, 150, 460, 1050, 163, 622, 1211, 64, 340, 605, 195, 1112, 958
t70=804, 52
t71=475, 146, 184
t72=640, 1076, 444
t73=786
t74=849, 512
t75=655, 1039, 687
t76=719, 172
t77=912, 1106, 290
t78=571, 137, 1230, 1163, 962
t79=286, 419, 680, 871, 990, 984, 270
t80=693, 1149
t81=541, 1136, 769, 720, 1227
t82=519, 924, 993, 766, 483, 503, 698, 818, 841, 411
t83=885, 576, 685, 411, 533
t84=1109, 368
t85=776, 217, 499, 738
t86=1161, 1163, 1113, 309, 165, 491, 836, 1121, 614, 461, 1104, 302
t87=1035, 390, 992, 814
t88=710, 1003, 735, 356
t89=99, 1034
t90=473, 871, 513, 1044, 909, 276, 983, 790, 980
t91=362, 1100
t92=444, 918, 1218
t93=194, 929, 898, 129, 632
t94=444, 746, 139
t95=926, 442, 562, 838
t96=931, 711, 510
t97=280
t98=812, 1105, 692, 1122
t99=368, 387
t100=850, 1001, 567, 730
t101=817, 304, 753, 437, 1094, 364, 342
t102=209, 535, 696, 534
t103=843, 1179, 292, 679, 348
t104=719, 454, 622
t105=674, 952, 972
t106=1140, 156
t107=683
t108=600, 878, 1237, 1112, 475
t109=836
t110=748, 186, 786, 796, 523
t111=963, 488, 978
t112=170, 659, 612, 735
t113=211, 569
t114=921, 153
t115=939, 257, 588, 395, 834, 813, 203, 708, 193
t116=317, 1011, 328, 377
t117=289, 414, 1192, 873, 1034
t118=330, 861
t119=418, 332, 503, 223, 444, 263, 1208, 1158, 1102
t120=133, 268
t121=1144, 924, 656, 970
t122=289, 404, 1090, 1167
t123=603, 304, 865, 1221
t124=372, 210, 749, 1031
t125=559
t126=515, 783, 848, 680, 408, 933, 757
t127=337, 410, 137
t128=473, 1114, 1106
t129=717
t130=891
t131=171, 181, 890, 345, 777
t132=1071, 449, 281, 696, 231, 794, 660
t133=1020, 1022, 245, 307, 565
t134=972
t135=594, 157
t136=1060, 322, 856
t137=619, 183, 505, 722
t138=627
t139=1156, 526
t140=918, 259, 1115, 312
t141=348, 1148, 143, 900
t142=392, 1130, 470, 969, 502, 1085, 768, 1139, 1235, 466, 497, 512, 794
t143=137, 377, 149
t144=388
t145=338, 363, 273
t146=918, 910, 232, 1064, 490, 385
t147=387, 753
t148=815, 490, 962
t149=510, 396
t150=747, 246, 468, 279, 165, 589, 91, 485, 541
t151=1218, 1198, 1043, 517
t152=474, 974, 249, 1146, 537
t153=481, 679, 1171, 1208
t154=1197, 1223, 342
t155=655, 939
t156=594, 399, 1075, 648, 149, 384, 398, 697, 553
t157=685, 682, 753, 558
t158=518, 783
t159=572, 1097
t160=193, 986, 272, 975, 802, 793, 308
t161=700, 200, 404, 475, 262
t162=967, 552, 989, 940, 440, 158, 136, 920, 792, 952
t163=1018
t164=170, 366, 1099
t165=748, 1121, 1117, 723, 462, 809, 54, 831, 439, 1227, 234, 594, 1204
t166=722, 741, 874, 296, 1162
t167=687
t168=1105, 437, 393, 264, 1114
t169=463, 965, 255, 1125, 371, 1005, 307, 169
t170=1143, 605, 1215, 1230, 914, 505, 449
t171=1204
t172=994, 250, 258
t173=944
t174=822
t175=170, 1070, 499, 630, 654, 614, 889, 609
t176=1111, 488
t177=936, 995, 340, 714
t178=702, 918, 144
t179=59, 240
t180=650, 81
t181=934, 723, 322, 676
t182=1089, 847
t183=488, 1190, 265
t184=1201, 168
t185=726, 263, 475, 189
t186=509, 1117, 936
t187=1076
t188=755, 679
t189=403
t190=1159, 366, 878
t191=367
t192=760, 447, 656, 706, 271, 1208, 957, 1033
t193=700, 162, 633, 814, 1066, 134, 1182
t194=731, 1192, 491, 1224, 1172, 886, 380, 1158, 168, 570
t195=241, 520, 633
t196=433
t197=454, 950, 661, 299, 1082
t198=889, 415, 1089, 717, 641, 1180, 630
t199=383, 939, 849, 220, 943, 952, 1047, 136
t200=222, 1037, 199
t201=257, 475, 1202, 974, 865, 636, 241, 493, 1055, 435, 292, 933, 1210, 362, 550
t202=666, 701
t203=1016, 1021, 640
t204=981, 851, 826, 721
t205=592, 620, 813, 809, 612, 797, 904
t206=785, 1088, 349
t207=566, 572
t208=883, 762, 380, 1063
t209=939
t210=148, 293, 134
t211=918
t212=639, 319, 693, 1055
t213=891, 544, 8, 145, 339, 1047, 126, 1161
t214=988, 889, 733, 1019
t215=1236, 867, 558, 168
t216=56, 742
t217=1218, 732
t218=726, 962, 909, 384
t219=1180, 518, 609, 1088, 849, 1235, 505, 388, 152, 57
t220=204, 133, 381
t221=446
t222=965, 557
t223=946, 1074, 1098, 134
t224=602, 305, 548, 490
t225=997, 313, 563
t226=1196, 274, 379, 1026, 1158, 1222, 919, 777, 485, 524, 415, 1031, 278, 177, 1221
t227=506, 583, 816, 912, 533
t228=986, 1070, 366, 530, 215
t229=500
t230=869
t231=661, 682, 841, 1111
t232=79, 295, 1136, 1090, 885
t233=905, 694, 827
t234=354, 987
t235=941
t236=978, 909, 1135
t237=819
t238=439, 622, 356, 372, 464
t239=1079
t240=218, 352
t241=817, 949, 864
t242=451, 535
t243=959, 730, 701, 919
t244=540, 871
t245=498, 292, 866
t246=477
t247=1065, 444, 1141, 1128
t248=244
t249=283, 530
t250=830, 1127, 131
t251=576, 493, 232, 948, 976, 481
t252=955
t253=828, 1067
t254=177, 854, 723
t255=365, 222
t256=356
t257=1105, 530, 496, 1035
t258=1034, 178, 1112, 450
t259=211
t260=1011, 562
t261=252, 221
t262=1044, 928, 372, 533, 186, 1215, 1143, 479, 505, 784, 361, 676
t263=670, 771, 765, 400, 286
t264=986, 983, 504, 933, 1172, 853, 966
t265=954, 335
t266=980, 284, 746, 585, 503
t267=689, 841
t268=398
t269=694, 223
t270=297, 1106, 281, 404, 794, 160, 367, 426
t271=431, 1152, 1128, 858, 953, 735
t272=944, 474, 1031, 767, 678, 369, 619, 992
t273=1103, 184, 511, 134, 806, 705, 1212
t274=340, 786, 734, 1046, 368, 1044, 666, 724
t275=1113, 1071, 182, 6
t276=682, 777
t277=1148, 728, 1083
t278=196, 298
t279=711, 855, 370, 326, 786
t280=865, 925
t281=949
t282=939, 1011, 537, 996, 982
t283=158, 610, 198, 977, 943, 387, 739
t284=483, 1151, 494, 1000, 1178, 1160
t285=969, 942, 809, 207
t286=144, 392
t287=184, 559, 1005
t288=603, 316, 403, 609, 763, 741, 928, 173, 1013, 1219, 536, 1007
t289=184, 958, 939, 1146, 1091, 168, 1163, 172, 433
t290=958, 237
t291=625, 455, 651
t292=394, 598, 213
t293=1111, 448
t294=993, 369, 705, 393
t295=1211
t296=670, 352, 711, 483, 1148
t297=936, 614, 756, 368
t298=891, 676, 771, 415, 763, 823
t299=993, 519
t300=964, 1229, 804, 1226, 242, 783
t301=1114, 493
t302=996, 41, 129
t303=368
t304=822, 857, 570, 295, 650, 1001
t305=681, 1015, 753, 1045, 994, 93, 527
t306=562
t307=488, 753
t308=606, 821, 1128, 806, 1036
t309=1184, 590
t310=1130, 1121
t311=679, 1224
t312=519, 315, 413, 454, 758, 1194, 350, 1106, 733
t313=775, 438, 651, 178
t314=482, 1206
t315=58
t316=553, 609, 209, 906, 612, 1171, 1020, 336, 488, 784
t317=998
t318=942, 663, 346
t319=487, 339, 151, 570, 1075
t320=922, 238, 420, 1228, 1000
t321=863
t322=361, 963
t323=965
t324=282, 321, 488, 676
t325=840
t326=1170, 413
t327=1212, 368, 775, 285, 1034
t328=16, 963, 416
t329=449
t330=452, 931
t331=930, 520, 804, 380, 1080, 453, 1160, 458, 805
t332=1050, 522
t333=387, 131
t334=442, 809, 1073, 907
t335=218, 1063
t336=579, 832
t337=881, 182, 167, 309
t338=983, 495
t339=1186, 338, 540, 124, 838, 995
t340=231, 819, 899, 901
t341=925, 448, 485, 230, 694, 152
t342=397, 945
t343=509, 237, 279, 329, 49
t344=140, 830
t345=838, 707, 346, 603, 593, 387, 258, 767, 538
t346=1164, 928, 331, 997, 478
t347=1032
t348=749, 603, 808, 841, 380, 1202, 553, 324, 463, 946, 334
t349=193
t350=382, 779
t351=904, 1148, 1103, 123
t352=1144, 693, 623, 1210, 920, 1126, 1167, 509
t353=752, 909, 538, 1153, 835, 363
t354=197, 1192, 1187, 542, 655
t355=602, 1232, 864, 694, 368
t356=1094, 1048, 469
t357=841, 533, 637
t358=268, 269
t359=201, 1132
t360=565
t361=362, 161, 325, 592, 1071, 760
t362=659, 361, 935, 1166
t363=237, 143, 82, 362
t364=372, 466, 667
t365=1180, 922, 1130, 553
t366=242
t367=331, 1202, 1191, 159
t368=1095, 1152, 876
t369=687, 783, 283, 672, 1087
t370=1128, 762
t371=1177, 387, 674, 821, 1215
t372=572
t373=883, 313, 411, 479, 376, 1065, 427, 625, 239
t374=839, 491, 530, 1196, 107
t375=697
t376=923, 795, 472
t377=1023, 177
t378=931
t379=319, 360, 423, 942
t380=1139
t381=947, 1217, 413
t382=526, 541
t383=76
t384=378, 1219, 543, 1074, 274, 815, 213
t385=820, 375
t386=758, 710, 435, 233, 1058, 442, 559
t387=279, 436
t388=1094, 1092, 542
t389=341, 536, 1057, 296
t390=1051, 301, 658, 527
t391=341, 273, 539, 336, 417, 775, 444, 1149, 526, 1187
t392=992, 956
t393=259, 556
t394=286, 774
t395=137, 717, 1054, 184, 1146
t396=321, 489, 48, 176
t397=385, 909, 792, 1209, 1221
t398=595, 229, 272, 718, 945, 1140, 1209, 640
t399=808
t400=571, 918
t401=716
t402=1187, 896, 779
t403=973, 825
t404=419, 854
t405=932, 344, 707, 142
t406=722, 745, 660, 422, 734
t407=291, 620, 198, 320, 516, 832
t408=1004, 519
t409=909, 754, 375, 29
t410=293, 1075
t411=494, 106
t412=850, 698
t413=343, 576
t414=1169, 819, 1138
t415=843, 965, 842, 955, 1233, 273
t416=614, 530
t417=877, 912, 829
t418=388
t419=174, 464
t420=1092
t421=773, 9, 279, 995
t422=1205, 340, 655
t423=520, 1079
t424=47, 1142
t425=593, 697, 753, 1227, 1217
t426=693, 1000, 432, 564, 867, 208, 365, 311, 829, 1147
t427=105, 912
t428=967, 151
t429=937, 460
t430=230, 1033
t431=566, 1171
t432=816, 926, 952, 241, 175
t433=886, 655, 546
t434=147
t435=266, 1165, 900
t436=496, 215, 379, 369
t437=407, 214
t438=487, 761
t439=377, 897
t440=1155
t441=473, 582
t442=525, 854, 892
t443=143
t444=456, 1167, 674
t445=640, 442, 194, 749
t446=494, 290
t447=1130, 31, 475, 422, 791, 125, 1159, 252, 1092, 758
t448=931, 882, 596, 609, 274, 1094
t449=1219, 554, 326
t450=137, 614
t451=785, 789, 767
t452=958, 393
t453=559, 795, 663, 539, 1011, 986, 959
t454=46, 781, 1168
t455=709, 1018, 883
t456=600, 933
t457=1201, 851, 1234, 821
t458=1169
t459=947, 422, 155
t460=357, 618, 902, 841, 713, 132, 137, 641, 777, 744, 771, 925, 446, 250
t461=946, 422, 819
t462=1014, 1112, 502, 451, 454
t463=1061, 879, 161, 357, 986
t464=1135, 498, 425, 524, 346, 184
t465=250, 964, 743, 1128
t466=131, 474, 505, 506
t467=250, 368, 1031, 442
t468=872, 693, 704, 971, 809, 163, 416
t469=321, 929, 1051
t470=443, 777, 734
t471=3, 1226, 633
t472=591, 1236
t473=379, 861, 1185, 1114, 648
t474=559, 946, 1145
t475=1102
t476=369, 330, 503, 456, 672, 102, 944
t477=480, 1117, 512, 176, 908
t478=462, 786
t479=170, 578, 781
t480=808
t481=902
t482=344, 988
t483=732, 420
t484=670, 954, 565, 201
t485=1059, 568, 577, 139, 1057, 535
t486=886, 1051, 151
t487=678, 549, 702, 685
t488=271, 882, 637, 788, 22, 1094
t489=619, 366, 1054, 864, 1180, 134, 490, 220, 846, 463
t490=515, 753, 229, 129, 542, 473, 295
t491=1129
t492=413, 300
t493=231, 719, 542, 489, 1191
t494=296
t495=234, 1202
t496=226
t497=847, 1007
t498=392
t499=1031, 881, 1011, 305
t500=142, 669
t501=717, 965, 659
t502=644, 696
t503=632
t504=612
t505=230, 834, 396, 1041
t506=566, 438
t507=771, 498, 736, 557, 786, 507
t508=628, 1176, 575
t509=1059, 1127
t510=976, 1147
t511=1008, 972
t512=1199
t513=767, 428, 73, 1095, 175, 1007
t514=901, 573, 871, 1093, 1100
t515=955, 1052
t516=1103, 725, 1019, 786, 1160
t517=164, 726, 77
t518=356
t519=1214, 592
t520=954
t521=137, 802
t522=1227, 640, 794
t523=810, 415, 224, 190, 1088
t524=458, 1128, 1165, 35, 710, 249
t525=838, 1011, 727
t526=357
t527=1013, 390, 375, 133, 179, 1090
t528=795, 195
t529=479, 974
t530=156, 576
t531=137, 1140
t532=289, 248
t533=139, 536, 1006, 515, 843, 548, 455
t534=592, 825
t535=536, 169
t536=883, 397
t537=733, 1027, 575, 1012
t538=407
t539=129
t540=268, 552
t541=309, 574, 1132, 666, 753, 902, 321
t542=403, 249, 137, 288, 412, 496, 650, 436
t543=344, 1052, 946, 882
t544=267, 1103, 385
t545=894, 1180, 1171, 1027, 578, 218, 986
t546=442
t547=792, 1043, 490
t548=305
t549=815, 205
t550=1133
t551=963, 797, 1075
t552=408
t553=1100, 748, 250, 587, 1090
t554=633, 649, 984, 593, 877, 380
t555=864, 1118, 684
t556=214, 841, 125, 876, 160
t557=987, 1135, 11
t558=493, 1148, 171
t559=415, 773, 203, 1171, 153, 679, 474, 693, 888, 864, 613, 1158
t560=331, 773, 97
t561=801
t562=888, 1135, 583, 1211, 495
t563=1233, 290, 693, 226, 786, 522, 1216, 664
t564=84
t565=608, 839, 904
t566=911, 131, 786
t567=505
t568=549, 881
t569=1196, 402, 974, 152, 729
t570=953, 486, 311, 821, 742
t571=1161, 502
t572=491
t573=510, 315
t574=180, 1174, 577, 32, 199, 151
t575=219, 1089, 398
t576=890, 617, 667, 1039, 302
t577=576, 426, 977, 700, 705, 547
t578=129, 297
t579=645
t580=353, 750, 565, 965, 572
t581=1211, 613
t582=893, 560, 146, 909
t583=310
t584=1042
t585=1144, 1153
t586=610, 676, 309, 564, 246, 561
t587=726
t588=1059, 1192, 1168, 167, 1211
t589=254, 703, 333
t590=1045, 786, 1172, 188, 241, 604
t591=313, 1123, 783
t592=1127, 139
t593=151, 427
t594=109, 197, 922, 1207, 1116, 135
t595=408, 770
t596=369, 782
t597=379, 841
t598=1119, 1139, 195, 263, 573, 331, 1212, 847
t599=316, 1122
t600=1116, 944, 395
t601=1150, 471, 37
t602=20, 640
t603=523, 1052, 676, 1121, 902
t604=483, 372
t605=1032, 620, 451, 267, 1000, 310, 291
t606=1059, 820, 303, 871, 311, 1145, 966, 599, 1023, 209
t607=670, 1140
t608=337, 529
t609=271, 933, 1033
t610=114
t611=615, 336, 1091
t612=649, 136
t613=706, 364, 757, 395
t614=900, 882, 1022, 568, 1207, 564, 442, 841, 862, 910, 505, 471, 559, 714, 496
t615=609, 718, 999, 576, 927
t616=521, 556
t617=561, 826, 859, 818
t618=177
t619=597
t620=530, 952, 1219, 158, 387, 725
t621=614, 875, 7
t622=554, 199, 752, 615, 394
t623=917, 1213, 585, 854, 926, 792, 668, 1030
t624=721, 320
t625=74
t626=1079, 442, 811
t627=790
t628=598, 60, 285, 120, 1164, 1192, 1139
t629=834, 478, 145, 361, 67
t630=1140, 133
t631=253, 919, 251, 1128
t632=659
t633=127, 725, 125, 268
t634=1105, 911, 512
t635=150, 918, 447, 291, 122, 393, 1076
t636=264, 1227
t637=975, 914, 970, 1191, 1056
t638=540, 195, 624, 455, 551, 919
t639=886, 879
t640=372, 408, 868
t641=440, 715, 693, 1136, 542, 710, 1114, 1076
t642=1064, 1094, 851, 184, 591, 1092, 830
t643=1145
t644=893, 1235, 395, 726, 1114, 359, 849
t645=340, 589, 901
t646=69, 13
t647=1026, 311
t648=951, 747
t649=1092, 1199, 1160
t650=586, 433, 801
t651=817, 619, 590
t652=125, 686
t653=933, 230, 765
t654=609, 838, 972
t655=154, 250, 348, 1004, 532, 326, 175
t656=945, 1121, 1134, 1136, 1094, 886
t657=848, 501
t658=398
t659=221, 452, 314, 850, 826, 1051
t660=1127
t661=1031, 898, 168, 380, 294, 647
t662=305, 1014, 717, 216, 865
t663=570, 193
t664=765, 399
t665=1194, 1055, 586, 131
t666=971, 547, 274, 585
t667=484
t668=27, 756, 113, 281, 530, 843
t669=574, 510, 319, 917
t670=383, 267
t671=930, 773, 916
t672=965, 222, 477
t673=780, 214, 1094
t674=238
t675=647, 1205
t676=474, 407, 89, 912, 606, 260, 879, 313
t677=445, 730, 883, 866, 929, 1011
t678=847, 134, 702, 790, 659
t679=403, 298, 1029, 78, 1036
t680=651, 1050, 1084, 536, 458
t681=803, 303, 258, 890, 1114
t682=668, 1218
t683=1027
t684=189
t685=317, 646, 1232, 490
t686=153, 921
t687=505, 812, 675, 977, 236, 1040, 832
t688=933, 407, 155, 819
t689=1043
t690=108, 368
t691=156, 614
t692=98, 490, 333
t693=755, 154, 195, 936
t694=314, 203, 289, 373
t695=561, 456, 1134, 416
t696=430, 770, 1090
t697=923, 678, 1064, 228
t698=612, 459
t699=858, 536, 197
t700=620
t701=277, 1190
t702=154, 767, 282, 444, 1110
t703=1224
t704=685, 235, 441
t705=758, 662, 874, 664
t706=338, 550, 132, 1232, 626
t707=673, 783
t708=1059, 1096, 376, 480
t709=620, 1040, 890, 555, 245, 1089, 802, 444
t710=495, 1171, 297, 470
t711=352, 679
t712=285
t713=968, 720, 263, 1011, 159, 686, 703, 491, 512, 921
t714=648, 1234
t715=620, 275
t716=830, 246, 980, 1176
t717=381, 598, 362, 1035, 700
t718=933, 871
t719=987, 429, 810
t720=828, 562, 1085, 159, 657
t721=1159, 850, 116
t722=771
t723=215, 664
t724=912, 1207, 543, 309, 376, 505
t725=348, 195, 531
t726=934, 358
t727=673, 470
t728=1132, 636, 748
t729=488, 552, 937, 1060, 951
t730=821, 1182, 563
t731=263, 606, 833, 389, 352, 217, 151, 1162, 1071, 695, 1169
t732=1180
t733=697, 795, 253, 778
t734=170, 501
t735=612, 380, 987
t736=841, 368, 842, 136, 1193, 1085
t737=1154, 1054, 482, 787, 290, 418, 470, 337, 1190
t738=327, 1174
t739=921
t740=1203, 465
t741=919, 936, 1188, 345
t742=142, 820
t743=915, 847, 290, 1096
t744=1219, 1081, 833, 24
t745=809, 663, 400, 593
t746=939, 375, 638, 520, 415, 919, 2, 736, 740, 895, 1088, 411
t747=561
t748=1077, 643, 846
t749=674, 1023
t750=151, 1072, 912
t751=213, 1030, 878, 635
t752=1220, 727, 510
t753=951, 789, 382
t754=1168, 720
t755=916, 1128
t756=1159, 936, 764
t757=960, 996, 472, 995, 279, 853
t758=612, 557
t759=83, 90
t760=204, 757, 372, 635
t761=302, 614, 290, 450
t762=1068, 716, 391, 1065, 896
t763=443, 881
t764=426, 544
t765=671
t766=416, 881, 406, 281, 576
t767=867, 841, 168, 981, 634
t768=1120, 1005, 1127, 922, 205
t769=599, 922, 786
t770=800, 670, 825, 562, 693, 195, 543
t771=160, 717, 961
t772=490, 532
t773=962, 66, 540, 185, 914, 1225
t774=800, 558, 955, 799, 813, 846, 394
t775=1157, 348, 883, 168
t776=1095
t777=689, 693, 1031, 745, 808, 286, 847
t778=737, 1029, 507, 660, 512, 488
t779=147
t780=615, 789, 576, 133, 822
t781=147, 933
t782=822, 1004
t783=914, 890, 350, 719, 286
t784=1128, 758, 14, 329, 1121, 570, 980
t785=199, 231, 147, 216, 112, 562
t786=381
t787=403, 502
t788=990, 848, 823, 1208, 129
t789=647, 337, 670, 306, 268, 1221
t790=820
t791=225, 693, 375
t792=179, 1188, 1126
t793=276, 869
t794=455
t795=175, 1020, 360, 810, 969, 786, 587, 890
t796=128, 913, 911, 516, 331, 494, 416
t797=497, 528
t798=696, 174, 1142, 603
t799=981, 620, 454
t800=701, 309, 134
t801=346, 987, 698
t802=361, 785, 34, 380, 877, 620, 504, 100, 1041, 503, 440, 812, 246, 559
t803=643, 944, 864, 185
t804=127
t805=831, 1171
t806=630, 962, 907
t807=299, 386, 1101, 1000, 407, 933, 394, 857, 493, 1078, 968, 943
t808=958, 702
t809=1024
t810=406, 703
t811=609, 157, 496
t812=761, 1171, 1041
t813=756, 382, 17, 824
t814=488, 168, 196, 1174, 947
t815=493, 530, 618, 945, 755, 968
t816=1001, 931, 210, 287, 329, 1128
t817=468, 1103, 1138, 844, 1117, 514, 598, 1109, 1047, 501
t818=356
t819=415, 493, 1014
t820=333
t821=1072, 135, 742
t822=626, 351, 1031, 927, 696
t823=633, 1191
t824=715, 1115
t825=743, 1160, 490
t826=846
t827=1068, 169, 611, 168, 828, 524, 1132
t828=980, 231, 309, 775
t829=272, 710, 1016, 1024, 229
t830=647, 1231, 72
t831=629, 394, 1092
t832=942
t833=1211, 119
t834=810, 593
t835=1033, 157
t836=133
t837=351
t838=603, 375, 1062
t839=423, 227
t840=388, 126, 180, 598, 1094, 23, 740, 317, 491
t841=559, 372
t842=1010, 1117, 45, 838, 174
t843=918
t844=958, 841
t845=812, 198, 502
t846=1027, 1119, 1109
t847=445, 595, 884, 326
t848=183, 950, 967, 501, 557, 263, 751, 1199, 143
t849=1130
t850=321, 1083, 777
t851=819, 1125, 1114, 966
t852=318, 689
t853=621, 184
t854=656, 439, 909
t855=1177, 984
t856=1192, 860, 333, 1142
t857=1218, 1175, 1026, 934, 709, 707
t858=885, 498
t859=284, 1049, 1121, 509, 1100, 405
t860=765, 656, 535, 1229, 61, 627, 1181
t861=1168
t862=814, 586
t863=777, 380, 1124, 872, 1010, 1208, 154, 641, 1108
t864=834
t865=795, 283, 1059
t866=351, 830, 1094, 693
t867=877, 324, 1223
t868=329, 765, 493
t869=527
t870=780, 290, 699, 735, 903, 428
t871=902, 1177
t872=1027, 326
t873=321, 1139
t874=286, 273, 724, 403, 621
t875=949, 593, 705, 368
t876=1031, 339, 314, 715, 741
t877=134, 417, 655, 1160
t878=645, 737, 831, 366, 785, 488, 1078, 1227, 474
t879=684, 1095, 221
t880=1132, 382, 1087, 579, 376, 844
t881=662, 1043, 682
t882=935, 283, 1090, 661
t883=838, 564, 908, 645, 1071, 924
t884=1090, 369, 701
t885=327, 574, 1130, 344, 955, 1107
t886=669, 1076
t887=325, 438
t888=908, 1168, 634, 1095
t889=1088, 1080
t890=545, 880, 678
t891=909, 367
t892=902
t893=472
t894=640, 1148, 452, 440
t895=937, 694, 398, 611
t896=1028, 773, 43, 1131
t897=281, 372, 1062, 622, 134, 671, 550
t898=297, 868, 657, 778, 333, 653
t899=1105, 1145, 226, 435, 355
t900=808, 1098
t901=386, 982
t902=212, 329
t903=1090, 998
t904=420, 1020
t905=306, 411
t906=399, 519
t907=766, 275, 300, 471
t908=134
t909=1002
t910=364, 236, 445, 398, 872
t911=329, 904, 594
t912=648, 777, 1051, 1053, 569, 1217
t913=721, 557, 530, 416
t914=279, 531, 705, 844, 254, 622, 382
t915=1028, 1071, 151
t916=856, 1210
t917=170, 1093, 413, 200
t918=514, 206, 331, 324, 175, 165, 1097, 836, 1075, 281, 1017, 207
t919=611, 70
t920=261
t921=189, 305, 954, 1206, 1058, 659, 820, 1211, 802, 404
t922=772, 374, 704
t923=740, 430, 637, 1178
t924=980, 652
t925=965, 901
t926=1000, 683, 408
t927=1175, 352
t928=1184, 570, 448, 546, 408, 138, 762
t929=195, 261, 681
t930=1090, 985, 838
t931=888, 1019, 249, 401, 949, 469, 1218, 361, 536, 266, 679, 993, 200, 486, 1020, 955
t932=303, 294, 298, 1011, 957, 326, 1015
t933=643
t934=444, 615
t935=658, 371, 754, 873
t936=491, 334, 146, 413, 737
t937=26, 624, 333, 649, 510, 1196, 773, 1189, 133, 748, 822
t938=751, 471
t939=95, 101
t940=1220, 372, 1089, 1092
t941=345, 573, 470, 428
t942=330, 1234, 399, 722
t943=912, 695
t944=1210, 696, 378
t945=130, 863, 532
t946=1124, 331, 166, 837
t947=473
t948=592, 234, 423, 861, 450, 487
t949=133, 1034
t950=765, 771
t951=845, 365
t952=269, 935, 974, 474, 971, 648, 542, 909, 924, 145, 193
t953=1214
t954=477, 604
t955=1216, 980, 618
t956=1128, 323, 969, 706
t957=293, 153, 311, 402, 507
t958=867, 824
t959=203, 455, 793, 307, 807
t960=680, 663, 799, 288
t961=1232, 225, 974, 139
t962=841
t963=662, 147
t964=183, 374, 1170, 989, 149, 756, 475, 1029, 1222, 1017, 255, 481, 529, 143
t965=341, 788
t966=408, 481
t967=373
t968=691, 781
t969=496
t970=491, 631
t971=702, 1232
t972=1197, 798
t973=389, 908
t974=299, 713, 1141, 551, 255, 811, 791, 485, 627, 381, 699, 1009, 640, 1090, 753, 541, 408, 413, 986, 639
t975=776, 246
t976=1060, 579, 483
t977=545, 729
t978=654
t979=28, 1227, 571, 900, 978, 415, 670, 822, 1039, 510, 386, 1034, 502, 562, 287
t980=252, 1184
t981=574, 280, 662
t982=772, 603
t983=1179, 918, 137, 1087
t984=212, 810, 1083
t985=795, 645, 631, 368, 192, 309, 1021, 824, 1146, 841, 363, 689, 323, 1134, 615, 206, 1227, 1084, 1112
t986=1081, 642, 1078, 789, 701, 989
t987=414, 1118
t988=396, 470
t989=918, 150, 780, 405, 1112
t990=1085, 245, 927
t991=731, 1166
t992=276, 949
t993=865, 156, 552, 407, 356
t994=650, 300, 1090, 987
t995=485, 1173, 663, 1203, 780
t996=1004, 87, 211
t997=794
t998=141
t999=75, 704, 841
t1000=995, 454
t1001=765, 181, 772
t1002=452, 1093
t1003=528, 628, 505, 753, 617
t1004=1113, 418, 1204, 628, 358
t1005=990, 693, 1110, 228
t1006=184, 539, 1083, 342
t1007=464, 502, 860, 1062
t1008=909, 580
t1009=798, 770, 1012, 1180
t1010=255, 690, 1226, 852, 1195, 50, 130
t1011=1051, 898
t1012=918
t1013=534, 681, 191, 209
t1014=195, 409, 455, 670
t1015=563, 292
t1016=885, 467
t1017=1029
t1018=702, 1130, 1224, 1022, 775, 1059, 859, 786
t1019=754, 487
t1020=764, 1003, 420, 962
t1021=1183
t1022=1086
t1023=580
t1024=728, 333, 1100
t1025=988, 574
t1026=925
t1027=840, 222
t1028=416, 103, 1020
t1029=974, 653, 136
t1030=505
t1031=764, 1180, 1128, 332, 865, 846
t1032=1120, 956, 880, 502, 1201, 345
t1033=1087, 562
t1034=819
t1035=746, 1185, 1197
t1036=117, 1152
t1037=453
t1038=314
t1039=1217, 1147
t1040=614, 901, 747, 1231, 38, 609, 1063, 478, 966, 1206
t1041=267, 646, 475, 588, 1055, 958
t1042=285, 835, 1016, 640, 1145, 768, 379, 741
t1043=455, 795
t1044=1008, 864, 568, 296, 979, 519, 671, 638, 887, 1094
t1045=841, 708, 317, 178
t1046=586, 244
t1047=423, 510, 1071, 775, 1090, 540, 796
t1048=318, 336, 254
t1049=584
t1050=728
t1051=841, 752
t1052=1043, 601, 517, 701
t1053=1055, 270, 753
t1054=902, 387, 849, 207, 802
t1055=934, 962, 383, 541, 786, 1084, 462, 349, 838, 359, 415, 764, 1182, 1188, 346, 647, 1129, 406
t1056=598, 434
t1057=1224, 5, 1015
t1058=855, 896, 1189, 958, 995, 449
t1059=1130
t1060=775, 454, 526, 828, 889, 765, 635
t1061=677, 446, 25, 96
t1062=609, 55, 312, 759, 902, 1123, 1152, 581, 569, 696, 387, 413, 740, 1045, 904, 1076
t1063=979
t1064=981, 956
t1065=759, 967, 756, 1170, 858
t1066=382, 358, 1055, 752, 169, 718
t1067=463, 195
t1068=377, 1083, 600
t1069=682, 734
t1070=889, 404
t1071=1222, 736
t1072=950, 1202, 111, 936
t1073=596, 412, 787
t1074=788, 1058, 496, 161, 1059, 1086, 474, 452, 951
t1075=204
t1076=62, 893, 1234, 281, 424, 592, 153, 355, 1011, 1087, 156, 1013, 646, 426, 272, 255, 353, 862, 1114, 665
t1077=1107
t1078=1140
t1079=853, 884, 1093, 346, 308
t1080=1069
t1081=1076, 1125
t1082=175, 819, 1079, 1090, 1157, 963
t1083=394, 545, 698, 273, 1201, 583
t1084=432, 1066, 1093, 654
t1085=265, 166, 840, 487
t1086=945, 1045, 1134, 701, 459
t1087=290, 814
t1088=454, 302, 546, 787
t1089=1207, 1139
t1090=469, 713
t1091=1231, 735, 214
t1092=903
t1093=945, 15, 1031, 817
t1094=475, 385, 925
t1095=387, 1215, 684, 1074, 783, 370, 820, 336, 1031, 601, 1094, 1168
t1096=851
t1097=814, 200, 206
t1098=309, 509, 572, 1001
t1099=990, 1031, 717
t1100=415, 672
t1101=503, 222, 1109, 1190
t1102=452
t1103=268, 508, 652, 1236
t1104=1036, 509, 1232
t1105=763, 395
t1106=327, 974, 228, 515, 510, 243, 1009
t1107=1162, 308
t1108=585, 1034
t1109=1031, 1128, 36, 243
t1110=228
t1111=475, 1033, 473, 920
t1112=276, 253, 318, 1228, 608, 523
t1113=222, 213
t1114=1022, 184, 140
t1115=1169, 1161, 1, 1136
t1116=948, 138, 494, 877, 429, 767, 617, 718
t1117=1013
t1118=1222
t1119=884
t1120=643, 1167
t1121=267, 1076, 1171, 450, 499, 391
t1122=233, 455, 581, 643, 207, 1062, 172
t1123=690, 1210, 1107, 671, 755, 392, 701, 239, 460, 290
t1124=381, 189
t1125=129, 975
t1126=1081, 893, 276
t1127=1171, 322
t1128=962, 547, 553, 311, 852, 1228, 186
t1129=706, 911, 938, 226, 251
t1130=92
t1131=509, 1151
t1132=724, 392, 1189, 1061
t1133=902, 466, 367, 545
t1134=810
t1135=594, 982
t1136=395, 447, 1076, 1016, 1116
t1137=1233
t1138=146, 511, 952
t1139=154, 1130, 658, 954, 501
t1140=709, 969, 576, 215, 367, 290, 364
t1141=1221, 767
t1142=1069, 897
t1143=346, 697, 326, 315
t1144=625, 207, 633
t1145=775, 326, 965, 1051, 712, 652, 1046
t1146=855, 165, 143, 131
t1147=974
t1148=545, 384
t1149=379, 376, 706, 953
t1150=51, 240, 795, 789, 895, 551, 1090, 162, 558, 692
t1151=689, 877, 1168, 989, 322, 715, 4, 606
t1152=326, 936, 712, 410
t1153=693, 899, 771
t1154=1210, 1146
t1155=884, 719
t1156=660, 291, 298, 389, 379
t1157=365, 104, 703, 239, 295
t1158=293
t1159=973, 963
t1160=303, 686
t1161=530, 962
t1162=448, 992, 1158, 631
t1163=1085, 789, 219, 639, 634, 887, 980, 711
t1164=1065, 149, 907
t1165=785, 1088, 209, 742
t1166=440, 632, 477
t1167=766, 795, 564, 548, 678, 528, 1230, 494, 739
t1168=519, 513
t1169=169, 444, 383, 476, 254
t1170=1053, 724, 319
t1171=386
t1172=867, 933, 1109
t1173=1133
t1174=408, 1227, 415
t1175=375
t1176=80, 1117, 559
t1177=88, 1156, 139, 773
t1178=267, 1157, 355, 1075
t1179=600
t1180=277, 336, 362
t1181=947, 672
t1182=372
t1183=302, 235, 1132, 252
t1184=186, 962, 12, 873
t1185=1046, 348, 1015, 991
t1186=18, 1122, 294, 801
t1187=446, 465, 799
t1188=247
t1189=529, 490, 1209
t1190=1115, 213, 65
t1191=432, 231, 357
t1192=859, 198, 763, 453
t1193=1155, 170, 1200
t1194=815, 789, 30, 1163, 909, 134, 154
t1195=753, 1154, 582, 1169
t1196=456, 946, 959, 525, 517
t1197=970, 522, 379, 435, 835, 293, 561, 715
t1198=336, 360, 1186
t1199=575, 852
t1200=591, 190, 1077, 638
t1201=1206, 1221, 753
t1202=336, 425, 893, 726
t1203=228, 387, 790, 1085, 465, 39
t1204=305, 243
t1205=1130, 676
t1206=860, 1113
t1207=434, 136
t1208=222
t1209=616, 562, 266, 149
t1210=1090, 1112, 553
t1211=784, 1189, 629, 949, 1025
t1212=1190, 464
t1213=774
t1214=1104, 131, 568, 1157
t1215=615, 133
t1216=148, 1071, 783
t1217=255, 994, 427
t1218=236, 677, 756, 802, 737, 945
t1219=841, 374
t1220=870, 325, 1045
t1221=727, 922, 805, 188, 376, 1012, 728, 941, 531, 516, 299
t1222=614, 400, 812
t1223=641
t1224=928, 1153
t1225=614, 899, 467
t1226=402
t1227=813, 731, 1227, 703, 1130, 1054, 480
t1228=753, 867, 164, 244, 847, 1114, 974
t1229=206, 303, 1187, 356, 195, 829, 635, 812, 1042, 657, 343, 714, 1048, 1213, 734, 409
t1230=910, 1079, 171, 986, 356
t1231=399
t1232=519, 1086
t1233=1109, 397
t1234=511, 933, 620
t1235=890, 473, 752, 241, 728, 442
t1236=1180, 279
t1237=416, 945
t1238=514, 1092
t1239=881, 676
t1240=802
t1241=213
t1242=978, 1032
t1243=688, 689, 224
t1244=1183, 1108, 152, 391, 746, 415, 425, 1117, 840
t1245=378, 1209, 730, 1200, 110, 441
t1246=1068, 624, 457, 931, 822
t1247=221, 577, 655, 883
t1248=688, 770
t1249=1093, 953
t1250=1092, 253, 1189, 346, 1155, 220
t1251=673, 195
t1252=424
t1253=369
t1254=168
t1255=492, 140, 909, 804
t1256=832, 758
t1257=820, 1165, 710, 941, 701
t1258=922, 1140
t1259=703, 479, 764, 129, 621, 821, 420, 366, 1101
t1260=523, 499, 1222, 484, 665, 1182
t1261=1040
t1262=598, 269, 280, 1007
t1263=734, 505, 289
t1264=795
t1265=454, 1169, 291, 467
t1266=1013
t1267=1191, 611, 829, 401, 675, 368, 545
t1268=866, 942, 447
t1269=1080
t1270=1194, 705, 1166
t1271=398, 262, 873, 448, 992, 1180
t1272=890, 1016, 1103, 503, 739
t1273=1083, 765, 761
t1274=930
t1275=629, 327, 709, 1024, 168, 900
t1276=765
t1277=1015, 301, 328, 597, 782
t1278=316, 380
t1279=1210, 1021, 94, 1048, 892
t1280=726
t1281=1120, 531
t1282=248
t1283=946, 1180
t1284=1060, 388
t1285=961, 1125
t1286=954, 1082
t1287=1025, 493, 191
t1288=559
t1289=817, 758, 662, 468, 962, 932, 1131, 642, 85, 704, 792, 937, 806
t1290=827
t1291=532
t1292=614, 415, 418, 803
t1293=602, 862
t1294=154, 368, 1128, 329
t1295=726, 838
t1296=1198, 939, 745, 503, 421, 477
t1297=499, 1109
t1298=578, 606, 841
t1299=194, 755, 958, 638, 640, 720, 774, 241, 1132, 933, 492, 886
t1300=422, 581, 1018, 549
t1301=234, 918
t1302=508, 1034, 949
t1303=984, 481
t1304=774, 208, 1090, 1065, 866
t1305=381, 121, 1080, 786, 488, 958, 494, 301, 394, 609
t1306=1122, 229, 387
t1307=346, 246, 492
t1308=369, 1211
t1309=836, 801, 260
t1310=926, 129
t1311=747, 208
t1312=147, 894, 1232, 247, 40
t1313=544, 1112
t1314=354, 214
t1315=974, 1066, 268, 442
t1316=526, 261, 322, 981, 428, 955
t1317=401
t1318=738, 771, 560, 256, 576, 1196, 906, 647, 877, 1032
t1319=614, 790
t1320=996
t1321=881, 796, 764, 1128, 389
t1322=904, 828, 705, 1150, 523
t1323=1128, 905, 410, 560, 1004
t1324=769, 965, 974
t1325=131, 1077, 288, 256, 443, 1194, 572, 725, 820, 229, 523, 479, 351
t1326=690
t1327=1006, 480, 166, 1184, 623
t1328=258, 811
t1329=389, 616, 696
t1330=1164
t1331=1199, 257
t1332=795, 331, 1012
t1333=909, 918, 397
t1334=476, 486
t1335=364, 1140
t1336=898, 963, 423, 714, 368
t1337=523, 1066, 918, 524, 1109, 302, 487
t1338=1148, 530, 767, 457, 1225
t1339=611, 663, 781, 584, 459
t1340=353, 795, 905
t1341=1125
t1342=488, 608, 19, 1171
t1343=764, 1196, 1036
t1344=522, 610, 829, 409, 927, 826
t1345=712, 1216
t1346=509, 893
t1347=141, 474
t1348=1037, 561
t1349=999, 368, 653, 1039, 1038, 786, 196, 622, 946
t1350=1090
t1351=129, 398
t1352=495, 703, 1156, 1217
t1353=490
t1354=129
t1355=952, 242
t1356=607, 1118
t1357=998, 132, 727, 850, 478
t1358=533, 156
t1359=803, 381
t1360=195, 675
t1361=1137
t1362=555, 1061
t1363=1130, 567, 979
t1364=689, 937
t1365=496, 518
t1366=442, 831, 616
t1367=1056, 268, 531, 399, 940
t1368=724, 360, 620, 765, 485
t1369=756, 1189, 980, 485, 654, 850
t1370=818, 724, 578, 299
t1371=1126, 461, 1128
t1372=457, 1020, 435
t1373=503, 1103, 1065, 309
t1374=889, 338
t1375=86, 798, 1100
t1376=643, 236, 1076, 609, 813
t1377=1131, 1016, 534, 676, 728, 479, 431
t1378=1158, 726
t1379=887, 156, 795
t1380=481, 309, 679
t1381=176, 1124, 1057, 936, 739, 1004, 697
t1382=33, 875
t1383=278, 916
t1384=958
t1385=249
t1386=782, 1195
t1387=766
t1388=1226, 947, 247
t1389=749, 392, 1219, 720, 623
t1390=902, 596, 390, 207, 194, 160, 958, 533, 775
t1391=1050, 243, 706, 998, 657
t1392=118, 1031, 1114, 1117
t1393=587, 759
t1394=841, 501, 779
t1395=168, 128
t1396=243, 946
t1397=192, 474, 447, 753
t1398=319, 205, 897, 986, 1079, 791
t1399=703, 896
t1400=1211, 326
t1401=565
t1402=825, 653, 596
t1403=807, 1003, 408
t1404=1088, 164
t1405=505, 319, 922, 640, 948, 562, 522
t1406=587, 958, 729, 1205, 179, 1017, 752
t1407=503
t1408=847, 841
t1409=365, 870, 938
t1410=419
t1411=206
t1412=1037, 1077, 962, 985, 980, 1210, 897, 537
t1413=1041, 941, 1106, 399, 675, 986, 157, 1093, 127, 347, 252, 126, 1095
t1414=395, 930, 755, 866, 151
t1415=383, 1113, 459
t1416=1219, 302, 834, 1160, 823, 1191, 412, 961, 903, 786, 620
t1417=894, 202, 673
t1418=1139, 1206
t1419=1222, 396
t1420=918, 633, 366
t1421=678, 187
t1422=676, 378, 962, 660, 619
t1423=1047, 1217
t1424=1118
t1425=421, 403
t1426=651, 464, 874
t1427=380
t1428=750
t1429=602, 1203, 63, 229
t1430=280, 997, 960, 1065, 1034, 370
t1431=1224, 920, 685, 574, 691, 862
t1432=491, 502
t1433=488, 372, 895, 629, 715
t1434=937, 839, 153, 887
t1435=785, 452, 1218, 235, 307, 71, 736
t1436=505
t1437=915, 1069, 974, 576, 521, 395
t1438=693, 207, 495, 125
t1439=882
t1440=283, 932
t1441=916, 550, 653, 445, 371, 744, 471, 926, 314, 897
t1442=892, 542
t1443=297, 1031
t1444=576, 68
t1445=624, 226
t1446=1208, 376, 538
t1447=1137, 839, 499, 561, 53, 734, 227
t1448=1194, 989
t1449=1209, 614, 615, 1138
t1450=969, 1193, 1187, 634, 1177
t1451=273, 865
t1452=1067, 198, 279
t1453=946, 445, 221, 595
t1454=606, 481, 640, 846, 572, 1011, 1214
t1455=902
t1456=239
t1457=168, 274, 256
t1458=1234, 889
t1459=347, 396, 406
t1460=1093, 930
t1461=166, 634, 165, 636, 502
t1462=804, 187, 1194
t1463=687, 865, 427
t1464=214, 835, 1067
t1465=1119, 986, 249, 1031
t1466=643, 189, 395, 1227, 236, 250
t1467=431, 250
