totalreqs = 1237
totaltest = 1467
//------------------------------------//
// Test Case Versus Requirements Maps //
//------------------------------------//
t1=716, 18, 432, 525
t2=814, 1212
t3=769, 964, 126, 380, 901
t4=779, 854
t5=330, 564, 532
t6=365, 1095, 1050, 527, 1088, 1029
t7=372, 977
t8=370, 333
t9=878
t10=224
t11=929, 720, 600, 957, 713, 959, 969
t12=912, 24
t13=1025, 743
t14=1181
t15=928, 691, 962, 687
t16=962, 923, 606
t17=446
t18=952, 1143, 852, 659
t19=338, 391, 721
t20=444, 207, 997, 882
t21=552, 438
t22=919, 653, 475, 975
t23=1215, 703, 989, 1182, 1064
t24=406, 905
t25=867
t26=275, 1122, 363, 230, 805, 220
t27=1224, 373
t28=946, 920, 384, 611, 155, 130, 344
t29=1010, 193, 923, 127, 850
t30=327, 636
t31=195, 863
t32=731, 1142
t33=325, 1072
t34=133, 1068, 430, 396
t35=681, 846
t36=862, 795
t37=447, 951, 473
t38=166, 610, 148, 1022, 1181, 1015, 645, 174, 935
t39=1088, 342
t40=1072, 397, 363, 416
t41=1111, 663, 1024, 128, 495
t42=1185, 1191, 568, 725, 499
t43=565, 811, 570, 291
t44=367, 294
t45=472, 870, 1049, 1166, 918
t46=399, 1024
t47=790
t48=25, 433
t49=853, 936
t50=321, 1147, 770, 1035, 1024, 235, 531, 1157, 131, 581
t51=670, 825, 461, 1086, 976, 1118
t52=1162
t53=234, 1077, 391
t54=598, 723
t55=979, 529, 774, 1113, 343, 884, 629
t56=786, 729, 1220
t57=576
t58=572, 975, 990
t59=384, 341, 1204
t60=535, 1212, 912
t61=992, 969, 630, 526, 403, 421
t62=852, 79, 614, 214, 692, 474, 140
t63=1182
t64=505, 415
t65=857, 631, 807, 840, 364, 523
t66=1214, 1216, 1057, 963, 1130, 40, 233, 542, 1014, 1029, 481, 753
t67=133, 341
t68=1131, 1155
t69=191, 680, 632, 761
t70=1188
t71=686, 381, 618, 212, 340
t72=875, 629, 914
t73=1134, 1056, 978
t74=155, 708, 547, 365
t75=805, 379, 638, 276, 855, 1137, 541, 950
t76=292, 140, 170, 155, 268, 373
t77=985, 249, 250
t78=1153
t79=773, 502, 486, 458
t80=391, 717
t81=1129, 1216
t82=272, 500, 332, 105, 177, 981, 833, 1086
t83=1156, 1106, 458, 520, 905, 214
t84=280
t85=815
t86=147, 567, 1011, 295, 614, 166, 617
t87=506, 784
t88=886, 225, 726
t89=329, 265, 452, 908, 337
t90=324, 980
t91=383, 990
t92=355, 653
t93=281, 995, 146
t94=535, 736
t95=1069, 218
t96=139, 502, 535, 852
t97=486, 812
t98=251, 326, 183
t99=605, 215, 135, 638
t100=887, 307, 1196, 360, 1112, 252, 302, 540, 526, 663, 293
t101=133, 822, 627, 139, 479, 954, 863, 983, 963, 584, 319
t102=952, 398, 400, 403
t103=180, 758, 191, 720, 205, 351, 1017, 967, 903
t104=795, 727, 1001
t105=242, 623, 599, 1135, 512, 534, 370, 315
t106=1232, 778, 412
t107=743, 638, 985, 895, 794, 976
t108=172, 828, 207, 1142, 255, 764, 1098, 648, 1037, 1187, 390, 475, 239, 938
t109=303
t110=938
t111=304, 139, 1145, 818, 1112, 249
t112=293, 233, 587, 774
t113=765, 458
t114=460, 868, 494, 763
t115=939, 902, 464
t116=1150
t117=779
t118=734, 328, 1116, 632, 580, 136
t119=1005, 908, 1236, 951
t120=820
t121=661, 1116
t122=275, 830, 401, 887
t123=1022, 393, 999
t124=1087, 1119, 1150, 166, 1204
t125=630, 946, 1189, 401
t126=1214
t127=430, 909, 1090
t128=499, 1230, 1142, 125, 591
t129=922, 820
t130=1122, 1175, 356, 854, 372
t131=843
t132=1015, 1181, 1223
t133=224, 190
t134=2, 808, 712, 26, 230, 305, 1049, 1103
t135=568, 1078, 152, 761, 791
t136=305
t137=368, 772
t138=244, 128, 265
t139=1215, 397
t140=353, 266, 133, 497, 420, 311, 341
t141=484, 668, 489
t142=300, 921, 1207, 1003, 697, 461
t143=756, 292
t144=825, 743
t145=789, 618, 262, 686, 504, 472, 1105
t146=1176, 599, 184, 708, 156, 1136, 895, 989, 759
t147=371, 1221, 700, 1045, 789
t148=516, 584
t149=1149
t150=908, 369, 1153, 581, 203, 818, 1014, 454, 878, 825, 950, 608
t151=1132, 1198
t152=535, 678, 1014, 193, 67, 307, 1026, 1155, 769, 1164, 818
t153=996, 732
t154=174, 820
t155=574, 640
t156=988, 1060, 972, 626
t157=543, 846, 354, 585, 1063, 1150
t158=898, 627, 1086, 270
t159=525, 504
t160=1129, 1200
t161=166, 618, 1038
t162=1058, 809
t163=144
t164=217, 908, 668
t165=391, 742
t166=528, 208, 1210, 238
t167=734
t168=606, 553, 411
t169=210, 1144, 666, 133, 443, 264, 964, 585, 758, 676
t170=204, 962
t171=1060, 562, 903, 373
t172=1192, 763, 900, 606, 547, 754
t173=9, 1152, 774, 1015, 131
t174=991, 875
t175=1115
t176=442, 69
t177=49, 443
t178=762, 1195, 207
t179=507, 592
t180=444, 938, 637
t181=1062, 1150, 1089, 636, 940
t182=1114, 1097
t183=1080, 1137, 1112, 1030, 723, 606, 428, 401, 754, 557
t184=88
t185=601, 125, 752, 229
t186=840, 238
t187=1134
t188=967, 770, 528
t189=210, 558
t190=151, 1098, 891, 1150, 288, 662, 676, 150, 462
t191=723, 578, 975, 981, 292
t192=735, 914, 625, 333
t193=584, 1128
t194=285
t195=751, 1077
t196=932
t197=382, 915, 289
t198=741, 960, 94, 672, 680, 436, 854
t199=910, 249, 1069, 630
t200=1129
t201=357, 366
t202=305, 767, 921, 1046, 818, 719
t203=833, 916, 1088, 343, 1154
t204=870, 1065, 10, 470
t205=224, 374, 1083
t206=261, 863, 252
t207=467, 1068
t208=807, 1038, 319, 593, 1014, 497, 197
t209=548
t210=922, 894, 815, 181, 999, 598
t211=1233, 989, 590
t212=493, 327
t213=1045, 1036, 1050, 4, 660, 458, 849, 761
t214=350, 627, 745, 424, 504, 950
t215=577
t216=805
t217=850
t218=259, 1223, 1177, 430, 824, 821, 373, 140
t219=708, 200, 757, 342
t220=927, 1077, 195, 1215, 1108, 884
t221=1129, 252, 457, 242, 82, 1145
t222=585, 1224, 417
t223=680, 314, 207
t224=298
t225=654, 445
t226=1150, 999, 805, 764, 718
t227=1087, 278, 718, 879
t228=224, 925
t229=552, 845
t230=509, 563, 75, 520
t231=919
t232=447, 618, 915, 191, 287, 289
t233=957, 960
t234=664, 1129, 1043
t235=838, 903, 645, 946, 217, 563
t236=815, 991, 1002, 671, 423
t237=778
t238=534, 499, 3, 1120, 844, 845, 269, 487, 467
t239=128, 682, 649, 1012, 34
t240=539, 850, 629, 30, 902, 1033, 535, 1155, 148, 663, 869, 387, 998
t241=848, 298, 434, 691, 1050, 203, 665, 883, 1217, 1154
t242=143, 943
t243=206, 178, 707, 489, 228, 749
t244=499, 906
t245=437, 352, 890, 1119, 821
t246=650, 292
t247=1040, 425, 986, 1189, 416
t248=563, 369, 863, 1213, 707
t249=938, 478, 934, 1124, 923
t250=1221, 936
t251=1146, 969
t252=1035, 1187, 730, 234, 1130, 586, 1236, 337
t253=605
t254=1059, 152, 109, 584, 289, 1217
t255=899, 832, 1006
t256=222
t257=596, 1072, 702, 430
t258=155, 552
t259=802, 676, 262, 798
t260=327, 888
t261=959, 572, 1056, 1033
t262=784, 793, 316, 521
t263=174, 332, 890, 159, 634
t264=960, 384
t265=359, 380
t266=1065
t267=309, 726
t268=590, 76, 535, 348
t269=648
t270=863, 915, 389, 216
t271=232, 131, 1050
t272=319, 244, 296, 628, 634, 498
t273=1205, 214, 741, 280
t274=681
t275=822, 555, 463, 722, 437
t276=807, 1014, 338
t277=1079, 613, 319, 678, 297, 448, 219, 531, 924, 699, 1195, 296, 491, 837
t278=753, 1087
t279=319, 396, 852, 827
t280=456, 367, 811, 884, 375, 1226, 1213, 306
t281=181, 727, 485, 866, 646, 145, 36, 1129, 854, 989, 21
t282=953, 403, 1025, 1096, 565, 443
t283=425, 1007, 750
t284=139, 235, 700, 608, 890
t285=150, 981, 348, 708, 895, 349, 436, 490
t286=369, 857, 996
t287=265, 1064, 180, 355, 880, 913, 300, 914
t288=210, 968, 938
t289=1018, 1110
t290=459
t291=474, 706
t292=1145, 148, 730, 815
t293=190, 226
t294=761, 645, 719, 512
t295=675
t296=572, 520, 285, 1071
t297=769, 535, 725, 495
t298=1219, 133, 130
t299=606, 292, 1005, 248, 207, 775
t300=882, 323, 563
t301=734, 815, 570
t302=1087, 964, 415
t303=266, 377, 1152
t304=1235, 788
t305=173, 192
t306=911
t307=624
t308=876, 1014
t309=329, 447, 900, 692, 240, 915
t310=820, 136, 1057, 430, 675
t311=349
t312=1093
t313=426
t314=1094, 348
t315=53, 442, 1090, 782, 870, 868, 705
t316=966, 604, 907, 661, 1226
t317=232, 284
t318=337
t319=464, 1167
t320=740, 1237, 1113, 321, 849
t321=524, 410, 685
t322=806, 758
t323=480, 333
t324=475, 729, 717, 569, 1147, 897, 194, 821, 73
t325=297, 950, 511, 1052, 675, 418, 616
t326=940, 619, 157, 888
t327=784, 868
t328=677, 1120, 1104
t329=733, 381, 1185, 386, 1084, 704, 582, 389
t330=707
t331=670
t332=395, 1212, 325, 272, 702, 929, 774
t333=249
t334=565, 1215, 870
t335=770, 573, 361
t336=710, 747
t337=531
t338=1212, 477, 316
t339=885
t340=215, 967
t341=1218, 160
t342=696, 958, 385, 217
t343=329, 749, 1086, 1129
t344=995, 62, 555, 1001
t345=401
t346=539, 1080
t347=1131, 669, 241, 668, 468, 704
t348=555, 880, 912, 837, 591
t349=963
t350=1164
t351=211, 84, 220, 650
t352=598, 536, 158, 804, 950, 985, 1111, 1150, 1112
t353=429, 860
t354=878, 287
t355=475, 759, 977, 614, 818, 545, 963, 290, 708
t356=704
t357=1214
t358=756, 1051, 990, 1212
t359=330, 46, 146, 550
t360=799, 1091
t361=412, 1228, 448, 426
t362=1051
t363=968, 1023, 872
t364=1030, 689, 1212, 367
t365=836, 1022, 162
t366=941
t367=1021, 651, 649, 324
t368=121, 177, 1147, 464, 862, 970, 1189, 520, 172, 635, 819, 919, 472, 808, 1227, 563
t369=901, 333, 140
t370=1043, 777, 584
t371=967
t372=1016
t373=144
t374=195
t375=1219, 196
t376=679, 542, 225, 626, 1210
t377=292, 1108, 1105, 1050, 1061, 1021, 304
t378=568, 216
t379=518
t380=403, 398, 1023, 391, 828, 423
t381=708, 810, 343, 328, 17, 569
t382=676, 757, 745, 948, 1227
t383=146, 137, 469, 754
t384=213, 778, 856, 280, 177, 1134, 1148, 1008, 247, 300
t385=306, 300, 107
t386=272, 1213, 857, 812, 814, 307
t387=249, 222, 1212, 405
t388=496, 261
t389=403, 133, 282, 914
t390=590
t391=1105, 1006, 490
t392=140, 894, 1139, 536, 440, 823
t393=1233, 963, 148, 898, 1200, 1016
t394=375, 157, 207, 862, 768, 1171, 1199, 599, 403, 1221, 1002, 712, 990
t395=684, 630
t396=734
t397=369, 1232, 1128, 85, 141, 291, 154, 361, 815, 168, 474
t398=384, 1069
t399=381, 136
t400=881
t401=1094, 1213
t402=1153, 965
t403=330, 149, 509, 874
t404=327
t405=588, 157
t406=764, 642
t407=133, 1075
t408=1162, 1085, 848
t409=601, 1021
t410=620, 170, 893
t411=267, 569
t412=897, 1055
t413=883, 1168, 247
t414=784, 231, 975, 471
t415=816, 603
t416=887
t417=651
t418=867, 538
t419=217, 704, 1228
t420=764, 645, 382
t421=388
t422=1049, 634, 1082, 280, 1203, 216, 690
t423=639, 598
t424=135, 823
t425=1092, 848, 587, 836, 532, 181
t426=280, 1094, 387, 300, 244
t427=145, 173, 460, 607
t428=128, 1072, 737, 1031, 821, 528, 162, 854
t429=897, 731, 761
t430=922, 665, 870, 254, 688
t431=645, 265, 234, 984
t432=423
t433=140, 1112, 568, 900
t434=346, 903
t435=127, 375, 819, 781, 499, 328
t436=1167
t437=594
t438=569, 356, 863, 683, 1230, 894
t439=669, 1102, 963, 362, 641, 781, 287, 852, 758, 926, 627, 1094, 1024, 794, 300
t440=966, 1200
t441=749, 498
t442=761, 282, 806, 887
t443=27, 876
t444=573, 432, 97, 646
t445=708, 668, 707, 818, 102, 111, 540
t446=206
t447=743
t448=252, 852, 954, 298
t449=68
t450=654
t451=656, 635, 450
t452=580, 319
t453=1190, 1234
t454=64, 1031, 967, 829, 938, 658, 895, 454, 1176, 447, 1046, 608, 1048, 1128, 676, 455, 151
t455=1010, 787, 794, 637, 599, 1090, 330, 571, 627
t456=1059
t457=1186, 671, 640
t458=616, 277, 235, 213
t459=838, 649, 1020
t460=523, 720, 505, 881, 530, 1076, 222, 1187, 600
t461=1130, 546
t462=741, 522, 818, 621, 937, 895, 911, 1035, 747, 441, 993, 740, 619, 237, 678
t463=824, 188
t464=1017
t465=566, 986, 152
t466=421, 1092, 499, 570, 497
t467=893, 1215, 202, 1146, 78, 965, 95, 482, 773, 896
t468=956
t469=474, 532, 187, 988
t470=458, 129, 960, 133, 728
t471=617, 213
t472=65, 942, 1010, 1235
t473=223, 808, 174, 406, 999, 882
t474=547, 323
t475=210, 427, 168
t476=814, 220, 281, 380
t477=759
t478=599, 403, 663
t479=704, 867, 1212, 1043, 586, 1136
t480=1197, 192
t481=333, 809, 1009, 1177
t482=642, 941, 723
t483=1191, 1087
t484=295, 808, 453
t485=720
t486=992, 1191, 556
t487=704, 776, 832, 1024
t488=1146, 426, 939
t489=975, 814, 1094, 994, 1192, 1183
t490=1215, 152, 256
t491=599, 1140, 1232, 1218, 295
t492=820, 485, 888, 280, 1018, 1149, 297, 207, 601
t493=549, 1041, 873, 249, 288, 704, 1007, 819, 242, 868, 1174
t494=676, 1086, 486, 820, 338
t495=279, 288
t496=338, 159, 586
t497=416, 233
t498=420, 712, 504, 867, 238
t499=736
t500=284, 1228, 1144, 1004, 389, 664, 158
t501=487, 305, 694, 1157, 1231, 608
t502=551, 322
t503=138, 162, 1212, 1103, 312, 705, 551
t504=668, 341
t505=257, 882
t506=615, 287
t507=161, 313, 20
t508=154, 235, 967
t509=1050, 886, 1179, 396, 1170, 782, 873
t510=929, 749, 685
t511=322, 841
t512=286
t513=401
t514=1155, 351, 154
t515=678, 532
t516=401, 975, 161, 890, 283, 330, 1228, 61
t517=929, 1066, 926, 1214, 690
t518=567, 426, 1219, 736, 214
t519=504, 961
t520=511, 1014, 875, 133, 477
t521=204, 708
t522=919, 801, 1028, 138
t523=571, 269, 133, 883
t524=128
t525=724, 1100, 386
t526=798, 194, 442, 781
t527=1052, 177, 1111, 292, 387, 960, 873
t528=844, 1084, 919
t529=1031, 144, 133
t530=944, 422, 274, 497, 989
t531=1050
t532=236, 313, 1037
t533=616, 476
t534=313
t535=716, 358
t536=330
t537=136, 747, 153, 563
t538=723, 1052
t539=1138, 919, 1115, 140
t540=1062
t541=11, 718, 220, 980, 483, 200, 561
t542=602, 230, 761, 499, 938
t543=535, 1189, 300, 214
t544=969, 406, 934, 533, 735, 161
t545=321, 294
t546=971, 373, 804
t547=1226
t548=1006
t549=1019, 272, 915, 321, 1144, 471, 191
t550=1081, 621, 877, 549, 535, 1215, 1212, 501, 1061, 343, 853, 1050, 286, 1107, 783, 946
t551=820, 678, 884, 280, 358
t552=964, 917, 555
t553=133, 643, 973, 249, 633, 1214, 1031, 748
t554=471, 673
t555=683, 1037
t556=897
t557=240, 374, 141, 390, 969, 1110, 451, 865, 659
t558=1223, 290, 859, 495, 831
t559=707
t560=1096, 141
t561=619, 1198, 1071
t562=162, 1154, 300, 1112
t563=497, 920
t564=166, 623, 864
t565=32, 443
t566=499, 312
t567=687, 1196
t568=463, 291, 1116, 630
t569=1234, 656, 624, 168, 628
t570=327, 350, 339
t571=1102, 296, 265
t572=884, 597
t573=1105
t574=341, 521, 771, 550, 175, 999
t575=711, 764, 910
t576=436, 987, 867
t577=968
t578=1129, 895
t579=462, 378, 870
t580=317
t581=980
t582=152, 1137, 685, 660, 837, 467, 774
t583=672, 530
t584=204, 629
t585=553
t586=168, 811, 986, 251, 391
t587=1026, 250, 245, 533, 884, 1039, 272
t588=596, 443, 128, 1088
t589=308, 702, 458, 642, 1022, 953
t590=1154, 343, 644, 999, 524, 289
t591=486, 861
t592=979, 746, 481
t593=484, 337
t594=600
t595=193
t596=968, 429
t597=492, 426, 558, 467, 1204, 862, 422, 1096, 280, 380, 513, 760, 1221, 401, 701, 204
t598=757, 1008
t599=163, 549
t600=1012
t601=1206, 1174, 750
t602=427, 1138
t603=1083, 1143
t604=516, 294, 867
t605=956
t606=1177, 488, 339
t607=44, 518, 487
t608=935, 323
t609=799
t610=1101, 1084
t611=468, 713, 265, 586
t612=642, 904, 1188
t613=515, 567, 1094, 199
t614=1129, 1169, 278, 293, 512, 382, 403, 1060, 306, 986, 847, 964
t615=886
t616=974, 1158
t617=444
t618=374, 204, 935, 336, 952, 507
t619=349, 271, 725
t620=381
t621=882, 1088
t622=1186, 1057, 955, 499, 1216
t623=818, 182, 608
t624=153, 804, 572, 363, 376, 1079, 532
t625=651, 615
t626=548, 595
t627=806, 288, 426, 765, 693, 471, 592, 983, 257
t628=373, 236
t629=263, 285
t630=321, 136, 1217, 458, 826, 646
t631=5, 1195, 519, 892, 1057, 1108, 1163
t632=317, 975, 882
t633=863, 945, 1086, 587
t634=944, 547, 234, 1037
t635=715, 442
t636=188, 865, 140, 575, 614
t637=808, 968
t638=154, 163
t639=906, 658, 762, 908
t640=841, 456, 437
t641=1046
t642=1070, 164, 867
t643=536, 640, 427, 1165
t644=297, 954, 1225, 364, 403, 808
t645=120, 557
t646=463, 836
t647=1003, 365, 489, 848, 710, 1027
t648=224, 977, 445, 950, 887
t649=484, 599, 134
t650=1050, 404
t651=1182, 455, 944, 337, 900, 1133, 889
t652=964, 1008, 688
t653=737, 189, 589, 239, 931, 1087, 1092, 359, 1171, 522, 712
t654=180, 170, 1099, 144, 381, 408
t655=1022, 1175
t656=1172
t657=1217, 477, 249
t658=760, 175
t659=266, 293, 993, 292
t660=1129, 975
t661=1182, 953, 373
t662=924
t663=747, 345, 437, 851, 539
t664=602, 175, 598
t665=506, 955, 698, 530, 986
t666=140, 1150, 572
t667=233, 671
t668=410
t669=957
t670=663, 19, 970, 1066, 1021
t671=702, 1102, 1042, 653
t672=933, 127, 954
t673=150, 709, 697, 835, 1006, 154, 994, 221, 938
t674=839, 391, 695, 743, 422, 495
t675=601, 706
t676=825, 486
t677=1051, 1035, 273
t678=829, 1156, 548, 760, 889
t679=742
t680=337
t681=627, 241, 1215, 515, 969, 672, 191, 181, 532, 403, 375
t682=376, 549, 927, 599
t683=246, 172, 190, 236, 413, 868, 391, 257
t684=884, 719
t685=1109, 609, 863
t686=280, 1131, 1069, 543
t687=737, 658
t688=469, 405, 817
t689=1088, 921, 701
t690=236, 330, 854
t691=1091, 1025, 719, 765
t692=676
t693=574, 1236, 827, 269, 413
t694=210, 758, 668, 382
t695=464, 987, 604
t696=212, 136, 175, 730
t697=1149
t698=1126, 704, 645, 642, 202, 407, 878
t699=560, 1162, 145
t700=345, 757
t701=609, 835, 356
t702=1206
t703=404, 1229, 386, 259
t704=599, 363
t705=387
t706=770, 1046
t707=351, 792, 710, 233, 969, 1228, 978, 207, 138, 605, 1210, 1043
t708=928, 492, 670, 190, 1041, 838, 1195, 828, 321, 166, 144, 603
t709=475, 245, 1020, 992
t710=474, 857, 459, 299
t711=287, 458, 222, 906, 563
t712=863, 992
t713=895, 859
t714=909, 1208
t715=1168, 148, 278
t716=456, 800, 881, 361, 884, 265
t717=314, 1231, 717, 1163
t718=528, 126, 425
t719=215, 657, 60
t720=510, 280, 261, 257, 1018
t721=741, 590, 260
t722=428, 768, 1111, 478, 198, 567, 421, 618
t723=403, 369
t724=258
t725=238, 360, 898, 859, 831
t726=975, 196, 631, 1035
t727=1225
t728=804
t729=299, 995, 743, 372, 1092
t730=302
t731=129, 319
t732=904, 476
t733=466, 818, 1086, 544, 925
t734=1062, 862
t735=103, 702
t736=394, 995, 1039, 918
t737=637, 481, 544
t738=993, 572, 300
t739=1096, 961, 449, 596, 679
t740=515
t741=140, 909, 1027, 763, 233
t742=1050
t743=671, 258
t744=1126, 625, 996, 1174, 1193
t745=350, 703, 731, 177
t746=1034, 483, 1127, 201, 45, 1037, 784, 333, 338, 988, 885
t747=503, 662, 972, 461, 542, 637, 207
t748=1131, 1141, 1190, 401, 395, 1064, 995, 842, 1172, 666, 145, 1110
t749=226, 1127, 401
t750=403
t751=873, 939
t752=405, 938
t753=778
t754=268, 401, 613, 951
t755=1226, 999, 151, 913
t756=1213, 834, 706, 318, 731
t757=1172, 401
t758=620
t759=1155, 706, 1135
t760=1177, 1160, 612
t761=699, 736, 937, 1227, 463, 130, 1136
t762=313, 168, 363, 1237
t763=570
t764=280, 458
t765=790
t766=148, 506, 919, 1135, 897
t767=440, 870
t768=1126, 634, 140, 1074, 186
t769=863, 590, 1202, 319, 517, 48
t770=1149
t771=116
t772=781
t773=1025, 1215
t774=516, 1110
t775=409
t776=535
t777=494, 159
t778=860, 518, 1104, 1230, 1092, 1109, 732, 801, 1084, 321
t779=989, 175, 1000, 784, 313, 833, 471
t780=1140, 474, 83, 706, 437
t781=774, 773
t782=1055, 755, 209
t783=872, 750, 1024, 225
t784=310, 571, 246, 259, 140
t785=703, 386
t786=181, 622, 453
t787=711, 314
t788=156, 558
t789=1075, 321, 323
t790=997, 163, 599, 948, 590
t791=450, 1157
t792=730
t793=686, 482, 847, 395, 99
t794=539
t795=1204, 219, 533
t796=888, 1020, 964, 141, 569
t797=1013
t798=217, 867
t799=517, 346, 226
t800=599, 690, 332, 712, 1047
t801=177, 1094
t802=324, 903, 556, 343, 382
t803=354, 531, 679, 504, 974, 482, 792, 1013, 540, 274, 441, 161, 669, 1209, 879, 756, 1084, 1127, 245, 960
t804=808, 312
t805=783, 708
t806=964, 473, 302, 899, 501, 402, 333, 1197, 903
t807=1082, 514, 134
t808=697, 540, 1149, 220
t809=207, 1058, 1115, 825
t810=307, 1161, 707, 724, 771
t811=183, 987, 776, 727, 830, 52, 604, 726
t812=440, 900, 401
t813=567, 385, 971
t814=903, 969
t815=916, 1098, 296
t816=1143, 332, 861
t817=403, 833
t818=417, 544
t819=524, 536, 503, 1051, 150, 323, 217
t820=1170, 335, 568
t821=803, 590, 1118, 323
t822=653, 63
t823=993
t824=474
t825=1080, 532, 461
t826=994, 1007
t827=570, 400, 1091
t828=273, 133, 1026, 467, 383, 470, 331, 1165, 1232, 50, 367, 258, 613
t829=822, 825, 1039, 516, 658, 894, 181, 1014, 801, 1207
t830=383, 645
t831=211
t832=601
t833=1125, 673, 543, 1147
t834=827, 520, 371
t835=833, 830, 413, 1014
t836=1047, 296, 497, 450
t837=938, 1193
t838=1139
t839=701, 1007
t840=919, 247
t841=499, 250, 321
t842=1074, 521
t843=1175, 623
t844=257, 545, 1075, 511
t845=1124, 890
t846=844, 618, 1087, 528, 780, 751
t847=563, 1144, 326, 606, 1082, 572, 185
t848=1102, 798, 1141
t849=1173, 700, 1037
t850=1084, 364, 996
t851=636, 1038, 235, 459
t852=207
t853=918, 739
t854=541, 1043, 144, 151, 92
t855=110, 350, 899, 605
t856=962, 128
t857=207
t858=15
t859=245, 163
t860=430, 767
t861=523, 941
t862=1208, 366, 764, 1092, 415, 900
t863=1215, 501, 1208, 200
t864=319, 768, 1180, 281, 1210
t865=1208
t866=164, 357
t867=338, 987
t868=259
t869=814, 771, 661, 403, 1189, 588, 738, 388
t870=1085, 266, 319, 1213, 972
t871=747, 1070, 1086, 181, 932, 896, 1220
t872=1177, 976
t873=207, 723, 604, 258, 632, 337
t874=778, 870, 1062, 352
t875=575
t876=1071, 1183
t877=723, 839, 657, 500
t878=496, 576
t879=599, 261, 582
t880=611, 903, 886, 644, 1212, 469, 1022, 1223, 698
t881=1048, 480, 522
t882=1169, 973, 814
t883=610
t884=869, 607, 223, 475
t885=368, 675
t886=297, 929
t887=911, 422
t888=177, 452, 1043, 151, 595, 1024
t889=981, 112, 1002, 254, 188, 999, 125, 1011, 632
t890=622, 475
t891=196
t892=782, 98, 252
t893=1172, 800, 977, 1211, 668
t894=207, 520, 975, 780, 1036, 226, 162, 449, 1215
t895=1123, 1043, 239
t896=519
t897=499
t898=216
t899=1117, 216
t900=785, 1037, 22, 827
t901=1064, 653
t902=1025, 682
t903=552, 921, 90, 397
t904=733, 1022, 141
t905=963, 1209, 403
t906=243, 816, 661, 108, 1169, 390
t907=667
t908=886, 860, 464, 245
t909=144, 889
t910=880, 770
t911=1169, 1172, 894, 225, 603, 690
t912=547, 739
t913=408
t914=167, 240, 964, 369, 785, 1121, 705, 216, 141, 1131
t915=272, 932, 508
t916=552, 764, 756, 578, 286, 190
t917=377, 811, 437, 601
t918=998, 447
t919=745, 884, 1117, 510, 236, 645, 892
t920=750
t921=900, 745, 140, 1107, 314, 678, 1154, 1039, 134, 1174, 488, 452, 704, 842, 1086, 941, 222, 744, 797, 846
t922=655, 388, 80
t923=1059, 967, 1044, 910, 913, 183, 245
t924=591, 834, 909
t925=940, 986, 1055, 133, 917
t926=874, 531, 945, 699
t927=1234, 465, 282, 923, 666, 442, 302
t928=1214
t929=174, 387, 699
t930=541, 699, 417
t931=381, 157
t932=461, 146, 328, 1194, 873, 323, 210, 81, 152
t933=831, 200
t934=396, 176, 1065
t935=166
t936=1105, 401, 616, 179
t937=669, 604
t938=325, 377, 728, 1125, 127, 815
t939=1227, 1184, 598
t940=948, 1084, 1168, 1192, 183
t941=239, 161, 1102
t942=361, 612, 1155
t943=882
t944=407, 1204, 1020, 258, 732
t945=87, 437
t946=241, 417
t947=1153, 1059
t948=1178, 544, 300, 1089
t949=433, 583, 1063, 426
t950=483, 714, 735, 136
t951=930
t952=558
t953=183, 919, 960, 1097
t954=985, 409, 661, 390, 969, 729
t955=1043, 900, 633, 956
t956=142, 583, 911, 438, 799, 401
t957=401, 367
t958=392, 902, 51, 964, 340
t959=863, 1076
t960=659, 1059
t961=1123, 707, 544, 718, 950, 222, 142, 159, 739
t962=149, 895, 954, 265, 255
t963=864, 836
t964=1168
t965=886, 298
t966=540, 157, 1100, 809, 678
t967=722, 423, 963, 1154, 940, 289, 465
t968=1024, 363, 1183, 836, 1095
t969=589, 340
t970=822
t971=458, 367
t972=474, 696
t973=568, 325, 619, 217
t974=656, 606, 818, 884
t975=867, 143, 420, 1157, 787, 815
t976=881
t977=837
t978=812, 760, 651
t979=287, 1150, 138, 342, 183
t980=320, 1181
t981=413
t982=752, 718, 999, 1037, 1215, 339
t983=1032, 539
t984=245, 1223
t985=443, 336, 738, 1221, 503, 175, 1112
t986=825, 597, 238
t987=292
t988=645, 321, 1154
t989=280, 310, 1052, 456, 347, 543
t990=1112
t991=477, 936, 157, 709, 601, 915, 825, 1026, 905, 653, 880, 328
t992=367, 168
t993=1121, 265, 508
t994=927, 995, 620
t995=190, 386, 986
t996=590, 569
t997=1099, 944, 947, 969
t998=870, 1123
t999=677, 958, 837, 419, 584
t1000=170, 422
t1001=993
t1002=734, 647, 338, 867, 900
t1003=572, 1206, 1161, 409
t1004=778, 999, 237
t1005=194
t1006=374, 1158, 388, 672, 443
t1007=791, 323, 1211
t1008=964, 938
t1009=43, 658, 765
t1010=742, 361
t1011=424, 133, 296, 399, 584, 159, 877, 178, 114
t1012=700, 961, 561, 796, 402, 225
t1013=899
t1014=1093
t1015=765, 999, 503, 495, 1078
t1016=280, 584, 395
t1017=577, 487
t1018=969, 383, 132
t1019=288, 982
t1020=285, 736
t1021=838, 1153, 199
t1022=185, 825, 852, 310
t1023=450, 568, 327, 210
t1024=57, 443
t1025=130, 955
t1026=1062, 1110, 987, 634, 1026, 285, 370, 559, 773
t1027=190, 627
t1028=244, 382, 178
t1029=810, 311, 969
t1030=891, 759, 886, 1087, 810, 159, 936, 834, 319, 942, 951, 402, 12, 948, 824, 491, 214
t1031=235
t1032=527, 813, 252, 753, 346, 332, 954, 871, 1168, 1121, 367, 756, 475, 283
t1033=532, 731
t1034=884, 1221
t1035=863
t1036=441, 1206, 292
t1037=352, 1222
t1038=91, 492
t1039=1027
t1040=1119, 329, 668
t1041=500, 267
t1042=494, 219, 1084, 951
t1043=66, 829
t1044=132, 1037
t1045=317, 1037, 684
t1046=165, 792, 175, 294, 106, 915
t1047=437, 162, 456
t1048=1092, 1207
t1049=474, 647, 487, 564, 1156
t1050=859, 699
t1051=1065, 981, 639, 862
t1052=887, 386, 549
t1053=184, 277, 161, 1179
t1054=184, 122, 152, 179, 529
t1055=1154, 599, 1096, 376
t1056=806
t1057=1154, 646, 386, 1140, 1118, 247
t1058=718, 162
t1059=314, 411, 334
t1060=293
t1061=616, 607
t1062=1205, 620, 884
t1063=757, 888, 1074, 1150, 373
t1064=715
t1065=884, 197
t1066=402, 161, 910, 216, 308, 1057, 1046
t1067=314, 401, 541, 688
t1068=604
t1069=379, 964, 890, 951, 1065
t1070=289, 1212, 1144, 525, 1053, 1143
t1071=603
t1072=182, 910
t1073=145, 340
t1074=533, 181
t1075=475, 373
t1076=377
t1077=628, 145, 670, 777, 1228, 159, 477, 333, 1220
t1078=590, 661, 781, 1044, 853
t1079=593, 428, 1171, 612
t1080=466
t1081=54, 965
t1082=945, 520, 1167
t1083=776, 401, 695, 134
t1084=1107
t1085=270, 803, 676, 919, 1228, 674
t1086=259, 863, 374, 1150, 1105, 1156, 223, 766
t1087=1061, 293
t1088=1084, 957, 1133, 1003, 1126
t1089=663, 253, 506
t1090=315
t1091=1067
t1092=759
t1093=940, 151, 477
t1094=1112, 1033
t1095=232, 135, 450, 1046
t1096=373
t1097=1053
t1098=743, 434
t1099=586, 373
t1100=609, 1068
t1101=1031
t1102=161, 156, 1003, 975, 1189, 1139, 820, 439, 134, 674, 239, 687, 867, 622
t1103=58, 1027, 542, 1017, 1211, 711
t1104=986, 1072, 386
t1105=35, 431
t1106=581, 833, 874, 1203, 1094, 310
t1107=938, 1101
t1108=1103, 581
t1109=235, 808, 962, 885
t1110=566, 506, 178, 1206, 919, 938
t1111=1188, 640
t1112=1236, 1097
t1113=702, 7, 261
t1114=251
t1115=799, 1209, 981, 1078, 588, 1159
t1116=724, 721, 136, 145, 569, 953
t1117=279, 1012
t1118=1180, 1001, 332
t1119=868, 588, 470, 1062, 429, 1222, 475, 287, 1162
t1120=956, 671
t1121=300, 221
t1122=1135, 928
t1123=115, 169, 633, 471, 192
t1124=474, 1208
t1125=780, 471, 126, 657, 603, 1187, 1026
t1126=990, 787
t1127=1076
t1128=303
t1129=1154, 55, 1172, 625
t1130=590, 538, 301, 271, 191, 866
t1131=127
t1132=766
t1133=299, 1215
t1134=164, 904
t1135=125
t1136=1112
t1137=350, 887, 601
t1138=963, 820
t1139=391, 934
t1140=439, 872
t1141=213, 565, 1168, 133
t1142=717, 843
t1143=471, 1015
t1144=625
t1145=1130, 888, 455
t1146=689
t1147=688, 921, 1212, 975, 973, 154
t1148=671, 582, 773, 1032, 604, 670
t1149=264, 598, 386, 174, 261, 140
t1150=222, 1189, 731, 229, 883, 1019, 497
t1151=446, 282
t1152=617, 500
t1153=659, 418
t1154=673, 549, 334, 1218
t1155=781, 401
t1156=948, 256, 1023, 1046
t1157=358, 167, 186, 535, 383
t1158=222, 982, 414, 209
t1159=1023, 990
t1160=776, 858, 910
t1161=642
t1162=930, 949, 425, 437, 803, 124, 514, 243
t1163=888
t1164=429, 145, 803
t1165=497, 792
t1166=899
t1167=407, 179
t1168=643, 788
t1169=265, 870, 1036, 702, 945
t1170=528, 1098, 377, 539, 210
t1171=639, 982, 1066
t1172=657, 796, 417
t1173=731, 1153, 267, 346, 207, 330
t1174=263, 1052, 471
t1175=253, 199, 393
t1176=519, 1057, 447, 858, 644, 776, 351
t1177=676
t1178=1217, 1111, 149, 875
t1179=292, 1109, 171
t1180=214, 718, 999
t1181=737, 1065, 913, 482
t1182=170, 1154, 967
t1183=769, 433, 662
t1184=1065
t1185=821, 117, 539, 951, 272, 1028
t1186=382, 766, 381, 140, 300
t1187=792, 583, 259, 1129
t1188=955, 464, 868
t1189=967, 255
t1190=299, 1024, 507, 813
t1191=647, 437
t1192=1060, 208, 915, 259, 898, 880, 499
t1193=1124, 933, 1044, 491
t1194=923, 461, 961, 1148
t1195=374, 1078, 651, 572, 187, 723, 901, 575, 820, 339
t1196=906, 915
t1197=468, 1132, 611, 1223, 361
t1198=738, 314, 28, 74, 236, 818
t1199=778, 352, 527, 727, 815, 1094
t1200=268, 321, 1025, 467, 1053, 347, 1201, 235
t1201=322, 506, 235, 369, 825
t1202=775, 958, 1087, 931, 166, 759, 1201
t1203=1028, 496
t1204=746, 312, 1226, 799, 1110, 1076, 609
t1205=1021, 270, 818
t1206=666, 1017, 960, 994
t1207=959
t1208=829, 494
t1209=339, 542
t1210=854, 267, 210, 921, 23, 683, 871
t1211=258, 233
t1212=424, 435, 392, 1236, 1188
t1213=331, 1057, 826
t1214=179, 882, 1163, 430
t1215=607, 790, 522, 1225, 96, 570, 134
t1216=882, 508, 525, 1089
t1217=456
t1218=838
t1219=868
t1220=467, 565
t1221=706, 146
t1222=344
t1223=880, 526, 806, 605, 519
t1224=175, 862, 197, 302
t1225=207, 723, 963, 473
t1226=636, 525, 1066, 1021, 231, 809, 214, 189, 642, 711, 1096, 6, 1123, 851
t1227=945, 258, 358, 162, 1064, 849
t1228=447, 475
t1229=1202, 887, 726, 298, 882
t1230=605, 943, 1088, 1173, 8, 894
t1231=817
t1232=986, 605, 380
t1233=1026, 531, 363
t1234=985, 447, 475, 962, 767, 667, 907
t1235=688, 862, 59, 310, 140, 475, 996
t1236=233
t1237=1212, 228
t1238=267, 217, 406, 401, 282
t1239=621, 148, 1089, 403
t1240=1070, 528, 1043, 422, 1016, 881, 542, 516
t1241=885, 1204
t1242=1126, 1212, 454, 985
t1243=804, 41, 881
t1244=482, 362
t1245=1024, 1055, 169, 819, 970, 794
t1246=1070, 1169
t1247=947, 1024, 1222
t1248=833, 1078, 867
t1249=419, 862
t1250=647, 1102, 223, 535
t1251=1033
t1252=300, 294, 1146, 406, 130, 471, 930
t1253=790
t1254=461, 468
t1255=255
t1256=785, 599
t1257=468, 942
t1258=337
t1259=1130, 711
t1260=330, 205, 554, 556
t1261=592, 320, 917, 693, 231, 1223, 527, 542, 558
t1262=321
t1263=33, 185, 361
t1264=228, 873
t1265=677, 1120, 1057, 522, 422, 856, 1232, 510, 1199, 1015, 210, 218, 653, 457, 310, 142
t1266=155, 470, 173
t1267=704, 606, 559, 1218, 540, 727, 788, 1043
t1268=273
t1269=736, 721
t1270=546, 140, 348, 500, 1099, 1104, 584, 1066, 861, 1155
t1271=946, 566, 1226
t1272=439, 167, 243, 417, 1107, 165, 1115, 676, 1182, 678
t1273=647, 712
t1274=803, 784, 1159, 399
t1275=1004, 1005
t1276=466, 700, 865, 849
t1277=651, 1034, 740
t1278=506, 469
t1279=405, 207
t1280=303, 155
t1281=951, 533, 147
t1282=818, 1105
t1283=672, 605, 488, 714
t1284=1075, 873, 855
t1285=334, 744, 970
t1286=1017, 403
t1287=696, 658, 391, 825, 877, 451, 150
t1288=1004
t1289=1062, 1174, 394, 560, 579
t1290=658, 1152
t1291=730, 593, 289, 1, 1188, 283
t1292=414, 422, 200, 752, 1105
t1293=1155, 1074, 118, 1220
t1294=226, 552, 143, 296, 144, 666
t1295=1212
t1296=1114, 403
t1297=946, 1219, 1196, 878, 510, 235, 1186, 1207, 544, 1085, 1140, 1122
t1298=264, 809, 305, 435, 294, 986
t1299=1155, 881, 622, 763, 1054, 733, 542, 159
t1300=836
t1301=764, 533
t1302=699, 1223
t1303=1137, 805
t1304=631, 962
t1305=100, 1151, 142, 510, 1094, 266
t1306=527, 1229
t1307=177, 329, 1076, 342, 1090
t1308=171, 430, 981, 1047
t1309=544, 502, 455, 134, 535, 137
t1310=392, 1229, 191
t1311=967, 1107
t1312=390, 567, 949, 1092, 901
t1313=131
t1314=552, 840, 1015, 916, 134
t1315=448, 1085, 945, 963
t1316=641, 1081
t1317=164, 737, 1014, 390, 543
t1318=653, 282
t1319=808, 227, 316, 668, 798
t1320=1076, 301, 537, 1086
t1321=873
t1322=56, 1026, 854
t1323=417, 925, 482
t1324=643, 1041, 839, 689
t1325=1131, 1001, 603, 86, 327, 639
t1326=443, 883, 1214, 176, 1231
t1327=161, 1042, 676, 1114
t1328=485, 605, 296, 643
t1329=542, 454, 789, 645, 870
t1330=104, 1069, 312
t1331=282, 216
t1332=287
t1333=1054, 816
t1334=251, 661
t1335=154, 401, 972, 718, 353, 975, 836
t1336=452, 1105
t1337=261, 844
t1338=113, 89, 728, 371, 151, 463, 736
t1339=332
t1340=957
t1341=938, 748, 1194, 717, 175, 908, 410
t1342=956, 1073, 741, 1064
t1343=257, 593, 995
t1344=572, 1015, 738
t1345=1234, 149, 1057, 323, 272
t1346=974, 1119, 1230
t1347=1061, 312
t1348=778, 1006, 384, 1147, 462
t1349=218, 47, 134
t1350=430
t1351=296, 694
t1352=772, 386, 292, 154, 1219
t1353=207
t1354=487
t1355=537, 159, 198, 455, 793, 909, 1150, 42
t1356=1015, 1060, 443, 563, 567
t1357=880, 1046, 37
t1358=290, 718, 1215, 730
t1359=681, 658, 175
t1360=160, 707
t1361=1013, 220
t1362=752
t1363=562, 227, 222, 1123, 136, 1224, 266, 405, 544
t1364=598, 1062
t1365=1009, 1173, 981, 1236, 777, 283, 800
t1366=508, 818
t1367=93, 1119
t1368=1152, 338, 704
t1369=133, 963, 886
t1370=572, 694, 125, 1073
t1371=334, 1038, 1058, 937
t1372=917, 974, 903, 817, 1236, 802, 401, 1125
t1373=870, 183, 651, 1166, 563, 197, 207
t1374=707, 792, 493, 613, 1057, 1092, 852, 944, 1052
t1375=347, 710, 297
t1376=610, 607, 1099, 154
t1377=1135, 129
t1378=468
t1379=868, 757, 421
t1380=540, 1213, 852, 1052, 1057, 1100
t1381=914, 166, 957
t1382=29, 497, 1135
t1383=704, 168, 611, 276
t1384=1130, 963, 178, 502
t1385=39, 309, 655, 985, 1071
t1386=144, 223
t1387=531
t1388=850, 1110
t1389=1081, 267, 579
t1390=896, 504
t1391=77
t1392=422, 832
t1393=774, 373
t1394=70, 652
t1395=374, 736, 1002
t1396=159, 210, 1168, 1041
t1397=322, 999, 973, 684, 260
t1398=345
t1399=975
t1400=1102, 705, 484, 183, 16
t1401=642, 609
t1402=235, 956, 1092, 794
t1403=1160, 675, 412, 1187
t1404=786, 770, 127, 130, 983, 548, 801, 984, 431, 158
t1405=338
t1406=878, 865
t1407=206, 1202
t1408=146, 907
t1409=1182, 375, 13
t1410=391, 437, 280, 1153
t1411=148, 502, 513
t1412=526, 811, 652
t1413=1155, 659, 456, 690
t1414=283, 308, 406, 148, 702
t1415=554, 705, 280, 1150
t1416=256, 244, 207, 539
t1417=564, 140, 480, 721
t1418=995
t1419=265, 277
t1420=1102, 1048, 263, 475
t1421=557, 185, 148, 386, 511
t1422=133, 201, 1120, 1171, 1061
t1423=1184
t1424=1117, 72
t1425=684, 360, 1126, 1098, 1086, 447, 1230
t1426=867, 860, 528
t1427=1205, 332, 936, 463
t1428=363, 437, 1069, 1228, 1095
t1429=870, 71
t1430=690, 516
t1431=123, 662, 350, 678, 511, 304
t1432=242, 1078, 1000, 859
t1433=900, 643, 1195
t1434=920
t1435=166, 1178
t1436=522, 797, 567, 357, 324, 519, 694, 1031, 964, 660
t1437=657, 1087, 143, 403
t1438=894, 332, 1029, 1027, 623, 722, 1086, 1037, 607, 1059, 951, 1155, 1125, 755, 549, 923
t1439=675, 506, 824, 248
t1440=387, 471
t1441=1103, 1177, 1067, 523, 38, 1088
t1442=329, 1094, 814, 400
t1443=143, 1155
t1444=1040, 923, 820, 955, 31, 758
t1445=378, 900, 573, 955, 954, 594, 154, 1133, 450, 198
t1446=609, 562, 594
t1447=1227, 1122, 333
t1448=1107, 1057, 746, 988, 177, 479, 653, 1194, 1106, 1219, 1179, 729
t1449=177, 524, 361, 753, 818, 723, 1126, 419, 865, 14
t1450=729, 899, 315, 1151, 886, 164
t1451=381, 907
t1452=574, 782
t1453=601, 886
t1454=214
t1455=1201, 852, 381, 561, 685, 154, 741, 1233, 809, 1032
t1456=822, 398
t1457=533, 335
t1458=595, 483, 496, 505, 704, 396, 1191
t1459=906, 505, 884, 447, 119, 836, 454, 1156, 763, 535, 940, 955
t1460=761, 504
t1461=987
t1462=258
t1463=1158, 1134, 487, 853, 417, 1096, 101, 779, 557, 128
t1464=1082
t1465=814, 751
t1466=444, 318, 967, 493, 128
t1467=567
