totalreqs = 1237
totaltest = 1467
//------------------------------------//
// Test Case Versus Requirements Maps //
//------------------------------------//
t1=292, 888
t2=741, 445, 782
t3=640, 1160, 430, 481
t4=987, 843, 665, 477
t5=388, 384, 300
t6=958, 971, 900
t7=1074, 277, 837
t8=746, 610
t9=409, 678, 528, 618, 562
t10=437
t11=446, 806, 981, 710, 908
t12=740, 735, 1127, 348, 544
t13=564, 658, 384, 8, 441, 1119
t14=773
t15=920
t16=924, 1063, 1078
t17=542
t18=547, 141, 558, 292, 406, 13, 424, 902
t19=942, 852
t20=681, 1191
t21=1151, 741, 356, 829, 691
t22=555, 909
t23=308, 909, 1218, 459, 1117, 715, 865, 1112
t24=46, 784, 1067, 414
t25=268
t26=977, 793, 633, 865, 704
t27=1166
t28=914
t29=705, 1093, 1047, 766
t30=273, 1001, 632, 477, 470, 530, 905, 823, 974
t31=489, 181, 1057, 1223, 911, 426, 760, 298
t32=750, 584
t33=1107, 443
t34=674, 686
t35=425, 907, 775, 1061
t36=623, 961, 894, 1175, 283
t37=418, 447, 1172, 625, 1188, 614, 886
t38=26, 1047
t39=476, 679, 294
t40=1229
t41=405, 360, 1180, 806, 827, 923, 1136
t42=911, 1014, 1101, 1090
t43=565, 463, 1012, 653
t44=432, 1194, 1060, 571, 631, 1071
t45=607, 831
t46=834, 62, 734, 1050, 284, 802
t47=185, 1192, 1185, 321, 272, 653, 890
t48=553
t49=554, 307, 877
t50=65
t51=446, 1004
t52=1103, 154
t53=1160, 958
t54=1077, 1223, 550, 956, 894, 537, 970
t55=527, 1159
t56=1100, 418, 1111, 1048
t57=956, 1078, 848, 993
t58=918, 386
t59=887, 584, 1023
t60=312, 1217, 1115
t61=721, 338, 295, 623, 466, 365, 603, 1064, 635
t62=1220, 636
t63=1137
t64=698, 384, 926, 973
t65=395, 562, 284
t66=904, 861, 299, 554
t67=627
t68=313, 580
t69=780, 515, 733, 1118, 795
t70=590
t71=297, 857
t72=383, 978, 692
t73=733, 269, 730, 635, 1224, 250
t74=1135, 896, 1128, 535
t75=588, 913
t76=1074, 1032, 931, 730
t77=916, 649, 1117, 1041, 1164, 722
t78=446, 671
t79=338, 550
t80=580, 745, 408
t81=1040, 272, 741, 271
t82=176, 389, 406, 329
t83=306
t84=627, 1074, 868, 936, 597
t85=1038, 601, 708
t86=997, 1118
t87=786, 993, 791, 905
t88=132, 937
t89=656, 4
t90=371, 989
t91=652, 381
t92=965, 355, 703, 707
t93=858, 1105
t94=522, 940, 614, 1164, 782, 676, 1089
t95=1164, 762, 880, 669
t96=810
t97=227, 746, 1037, 623
t98=811, 815, 1114, 515
t99=843, 389, 709, 1017
t100=1096, 945
t101=256
t102=996, 455, 399
t103=597, 1018, 712
t104=570, 736
t105=506, 57, 808, 334, 474, 391
t106=211, 637, 1119, 1111, 756, 905, 473
t107=373, 1235, 353, 755
t108=166, 355, 346, 626
t109=443, 968
t110=1127, 1081, 269
t111=378
t112=288
t113=1154, 477, 1008, 1159, 1135, 632
t114=325, 1017
t115=773, 633
t116=399, 1229, 1023
t117=784
t118=974
t119=1108
t120=859, 325, 394
t121=275, 417, 1048
t122=380, 1178
t123=1115, 409
t124=1151, 992
t125=974, 1232
t126=1123, 844, 340, 1036, 895, 466, 550
t127=1127, 561, 1158, 491
t128=373, 403, 321, 1194, 331, 636, 348
t129=699, 931, 585, 1068, 609, 210, 862
t130=559, 658
t131=569
t132=531
t133=702
t134=604, 1105, 1043
t135=1016, 1151
t136=1217, 468, 537, 851
t137=525, 600
t138=368, 736
t139=713
t140=972, 277
t141=364, 687
t142=310, 1111, 1146, 649, 1077, 845, 1112
t143=959, 506, 1133, 1085, 187, 71, 1152
t144=860, 899, 414, 913, 712, 608, 874, 857, 380
t145=1229, 436, 403
t146=944, 577
t147=609, 1059, 712, 1203
t148=479, 1229, 468, 1059
t149=1088, 1152
t150=851, 375
t151=293, 565
t152=301, 531, 324, 1208, 504, 900, 598
t153=824, 1211, 1073, 643, 1056
t154=988
t155=794, 649, 1038
t156=558, 825, 455
t157=733, 877, 665, 753, 570
t158=349, 658, 671, 358
t159=673, 723, 624
t160=773, 564, 799, 1048, 447, 888
t161=923, 1212
t162=252, 775
t163=568, 913, 280, 622
t164=566, 507, 1049, 370, 1116
t165=101, 110, 323, 128
t166=573, 250, 549
t167=601
t168=606, 377, 701, 1204
t169=418, 1197, 1078
t170=316, 1151
t171=874, 618, 790
t172=426, 443, 392, 1143
t173=1001
t174=515
t175=809, 301, 625, 886, 266, 377, 847, 1106
t176=193, 679, 1217, 1079, 464
t177=1074, 709, 1168, 588
t178=772, 1115, 1232, 886
t179=507, 649, 748, 760
t180=1211, 341
t181=995, 782, 450
t182=1114, 1143
t183=868, 430
t184=353
t185=746, 1117
t186=514, 905, 1004, 521
t187=946
t188=780, 550, 921, 414, 249, 383
t189=747, 877, 378
t190=571, 510, 1185
t191=240, 894, 768, 839
t192=1201, 263, 693, 1061
t193=1181, 531, 1133, 272, 857, 478, 565, 503
t194=741
t195=849, 301, 1164, 200, 651, 1014
t196=394, 1068, 860, 428, 426, 1003, 610, 1158
t197=1094, 700, 318, 1150, 310
t198=1164, 1201
t199=686, 595
t200=974, 409, 1108
t201=676, 1069, 1048
t202=618, 1154, 453
t203=877, 282, 1195
t204=966
t205=1115, 346
t206=669, 1164
t207=797, 938
t208=512, 507, 600, 485, 489, 885, 445, 1111
t209=622, 288, 803
t210=551, 880, 450
t211=451, 1063, 975, 1058, 1151, 1112, 1201, 785, 734
t212=519, 324, 781, 1151, 676, 715
t213=609, 257
t214=877, 1049
t215=1213, 660, 756, 943, 891, 537
t216=692, 379, 593
t217=1088, 330
t218=692, 361, 257, 728
t219=768, 622, 363
t220=400, 1004, 782
t221=1229, 321, 457, 638, 884
t222=1218, 860
t223=384
t224=978, 765
t225=203
t226=16, 752, 642
t227=1031, 557
t228=543, 1150, 346, 277
t229=999
t230=1210, 621, 1141
t231=739, 514, 839, 1179, 1200, 734, 789, 763
t232=306, 764, 973
t233=607, 968, 1058, 1129, 1188
t234=448, 452, 1027, 542
t235=720
t236=290, 297, 691, 839, 1011
t237=514, 290, 612, 521
t238=550, 143, 260, 821, 366
t239=1211, 220
t240=275, 870, 677, 1201
t241=836, 648, 430, 1051, 1228, 357, 461, 736
t242=969
t243=1217, 206
t244=568
t245=359, 1040, 248
t246=361
t247=1063, 682, 333
t248=1229, 278, 962, 102, 786
t249=883, 663
t250=517, 1191, 876, 984, 597, 441, 980, 1207, 545, 907
t251=676, 620, 609, 456
t252=808
t253=917, 745, 437
t254=915, 1147, 960, 322
t255=405
t256=740, 742, 539, 66, 458, 1012
t257=77
t258=255, 1192, 297, 614, 1123
t259=944, 617
t260=320, 652
t261=325, 236, 560, 257, 650, 575, 267
t262=685
t263=758, 688, 1128, 1192
t264=315, 386, 1022, 516, 730
t265=495, 955, 585, 646
t266=1108, 406, 988, 505
t267=857, 317, 127, 951
t268=1207
t269=754, 532, 1079, 1132, 695
t270=383, 945, 608, 222, 1110, 782
t271=1081, 1229, 1208, 977
t272=612
t273=929, 395, 1159
t274=847, 1036, 339, 989, 597, 773, 800, 453, 817
t275=415, 1198, 252
t276=1096, 719, 1010, 1217, 574, 195, 1173, 1225, 423, 550, 1059, 992, 311, 1215, 444, 1005, 817, 551, 699
t277=98, 622, 826, 708
t278=1056, 959, 1111, 1215
t279=587, 444, 931
t280=1221
t281=570, 858, 357, 876
t282=526, 1002
t283=131, 1194, 777
t284=1094, 556, 1216, 905, 1016
t285=1095
t286=914, 649, 1215
t287=1069
t288=983
t289=393, 968, 1115
t290=1023, 407, 283, 753
t291=911, 304
t292=301, 325, 1010
t293=1091, 503, 251, 1140
t294=934, 417
t295=901, 939, 805, 372, 782, 420, 1220, 985, 562, 911, 1201, 80, 1214, 593, 1211, 974
t296=844, 1227, 1183, 1095, 917, 1033, 136, 736, 1215, 1047, 415, 251
t297=571, 994
t298=985, 720, 899, 944
t299=262
t300=993, 1195, 1056, 645
t301=1074, 1151, 1030
t302=902, 712, 1154, 266, 1201, 944
t303=489
t304=867, 645, 853, 864
t305=950
t306=701, 340
t307=770, 556
t308=397, 871, 437
t309=694
t310=1090, 584
t311=1127, 817, 793, 861
t312=819, 954, 791, 107
t313=430, 471, 605, 931, 1164, 301, 1042
t314=974, 959, 827, 1199, 506, 1172
t315=799
t316=256, 1226, 811
t317=622, 470, 562, 826, 787
t318=372, 404, 370, 796, 1005, 804
t319=1008, 968, 1151, 502, 916, 1015, 327, 780, 671, 879, 845, 552, 1150, 341, 649, 889, 1082, 787, 580
t320=944
t321=1091
t322=1219, 934, 1159
t323=944, 846, 793
t324=116, 308, 798
t325=838, 833, 948, 96
t326=332, 323, 708
t327=280
t328=666, 1033
t329=1047, 583, 1230, 1194
t330=509, 996, 1158
t331=680, 1064, 1146
t332=332, 764, 470, 812, 953, 636, 965, 914, 960, 964, 483, 491
t333=799
t334=537, 894
t335=733, 1012, 604, 319, 1124, 417, 87, 324
t336=262, 1194, 544, 320
t337=233, 622
t338=488, 1004, 1070
t339=755, 316
t340=329, 659
t341=746, 1102, 534
t342=811, 1203
t343=1055, 515, 752
t344=874, 570, 301, 850, 736, 601, 569, 260
t345=297, 1063
t346=1105
t347=258, 730
t348=450, 764
t349=1146, 1043
t350=533, 614
t351=801, 887
t352=973, 736, 835, 320, 1076, 691
t353=410, 510, 1059
t354=137, 1140, 790
t355=818, 673, 340, 1035
t356=1067, 1076
t357=617, 755, 428, 173
t358=855, 628
t359=764, 397, 1216, 707, 1151, 252, 1071, 418
t360=872, 761, 953
t361=762, 1090
t362=1222, 1119, 1139, 1175, 926, 83, 183
t363=649, 664, 693, 937, 745, 866, 286, 569, 1033, 831, 1008, 940, 768, 483, 1045, 688, 989, 857
t364=960, 931, 727
t365=1000, 923
t366=120, 633, 226, 744
t367=318
t368=883, 677
t369=899, 830, 633, 27, 989, 434, 621, 108
t370=1017, 1011, 973, 267, 866, 893, 719, 883, 926, 658, 527, 437
t371=382, 281, 118, 411
t372=620, 625
t373=394, 471, 1095
t374=295, 617
t375=1195, 832
t376=911, 826, 857
t377=614, 701
t378=1207, 709
t379=549
t380=1022, 725, 588
t381=1215
t382=836
t383=356, 333, 603
t384=902, 363, 330
t385=704, 1048, 1152, 449, 301, 425
t386=963, 741, 629
t387=713, 918, 1033, 391, 892
t388=583, 1050, 911
t389=1105
t390=713, 523, 267, 308
t391=700, 1140, 160, 851, 944, 739, 285, 1076, 900, 1030
t392=845, 1165, 86, 754, 655
t393=1027, 266, 579
t394=163, 1048, 713, 704, 1105
t395=445, 972, 1039, 953
t396=1201, 964
t397=464, 537
t398=291, 1008, 1179, 393, 1159, 477, 717
t399=390
t400=578
t401=14, 1182
t402=884, 686, 707
t403=276, 1053, 1103
t404=702
t405=839, 798, 802
t406=257, 955
t407=1199
t408=344, 1054, 1071, 684, 322
t409=1063, 652, 432, 468
t410=1141, 800, 739
t411=320, 571, 715, 838, 311, 1195, 935, 1135
t412=331, 913, 1133, 764, 830
t413=706, 958, 197, 1118, 929
t414=891, 759
t415=773, 428, 458, 771
t416=778, 829
t417=1094, 864, 442, 518, 852, 924
t418=798, 1126
t419=460, 963, 1088, 285
t420=829, 395, 273, 303, 257, 562, 42
t421=1074, 1013, 1053
t422=695, 284, 516
t423=818, 338, 390
t424=587, 465, 146
t425=241, 1009, 315, 1073, 52
t426=495, 939, 1232, 74, 733, 55, 533, 839
t427=922, 289, 1011
t428=743, 965, 249
t429=1208, 767, 196, 751, 1127, 507, 1010
t430=1085, 1223, 688, 1195
t431=550, 968, 785
t432=600, 1195, 370
t433=1047, 743
t434=911, 355
t435=919, 620, 511, 472, 295, 1214
t436=870, 356
t437=250, 996, 783
t438=1135, 1102, 383, 854, 580, 736, 895
t439=834
t440=1235, 613
t441=677, 841, 737, 168
t442=419, 248, 573, 1163, 635
t443=352, 724, 1078
t444=130, 384, 622
t445=694, 993
t446=1203, 600
t447=724, 1022, 728
t448=971, 711, 509, 815, 1060
t449=696, 937, 968
t450=1151, 659, 329, 701, 584, 909, 283, 1100, 638
t451=799
t452=340
t453=877
t454=991, 1151, 1191
t455=389, 138, 472
t456=1190, 303, 543
t457=701, 256
t458=752, 1087
t459=309, 1151, 930, 33, 1078, 25, 1080, 157
t460=515
t461=215, 861, 315
t462=515, 733, 1127, 1196
t463=516, 659, 403
t464=856
t465=857, 746
t466=728, 1103
t467=1016, 299, 590, 273, 686, 1106, 848
t468=103, 732, 258, 834, 705, 182
t469=1059, 459, 374, 1127, 1050, 1083
t470=1171, 34
t471=840, 1093
t472=620, 647, 828, 1185
t473=331, 892, 263, 956, 1206, 998, 802, 356, 858, 282, 1085, 567, 1212, 439, 363
t474=1207, 873, 777, 870, 251, 837, 248, 795, 817, 639, 509, 857, 553, 559, 432, 449, 1087
t475=1234, 946, 827, 990, 973
t476=861, 517, 1088
t477=941, 287, 800
t478=864, 622
t479=585, 1175, 708, 719
t480=352, 1067, 218, 852
t481=1001, 1083
t482=342, 177, 743, 804, 885
t483=192, 417, 765, 651, 319, 448, 344, 310, 917
t484=114, 292, 725, 637
t485=375, 1118
t486=283, 1156
t487=611, 1174, 478
t488=1105, 968
t489=486, 350, 1195, 1222
t490=774, 421
t491=365
t492=922, 741, 771
t493=310, 1018
t494=465, 418, 285
t495=462, 929, 1168, 519
t496=314, 960, 156, 830, 391
t497=676, 616, 635
t498=298
t499=732, 294
t500=647, 1217, 447
t501=435, 280, 549, 888, 1172, 627
t502=982
t503=336
t504=391, 460
t505=1186
t506=921, 279, 500, 506, 1175, 1056, 755, 582, 382
t507=805, 548, 1111, 659
t508=566, 842, 489, 296
t509=474, 369, 714, 188
t510=676, 1217, 758
t511=693, 1045, 1013
t512=342, 949
t513=923
t514=921, 519, 720
t515=773, 616, 610
t516=1195, 813, 1187
t517=833, 987
t518=1164
t519=861, 1191, 294, 518, 1198
t520=1016, 640
t521=370, 905
t522=712
t523=1187, 727, 1033
t524=765
t525=1084, 487, 779
t526=600
t527=701, 170, 315, 572
t528=763
t529=819, 334, 1123, 1054, 857, 376
t530=1095, 880, 659, 943, 726, 636, 814
t531=383, 861, 541
t532=820, 1023
t533=861, 552
t534=1115, 742, 832, 540, 474, 956, 713, 550, 796
t535=890, 932, 1096
t536=1034
t537=523, 239, 1031, 1145, 382, 1192, 1100, 429
t538=887
t539=1193, 388
t540=40, 1226, 1151
t541=252, 996
t542=339, 637, 822, 1071, 1178, 447, 341, 418, 1191, 610, 793
t543=1004, 704, 804, 950, 921
t544=209, 781, 378, 762
t545=464, 554, 741, 616, 1188
t546=158, 1033, 933
t547=305, 496
t548=746, 1024
t549=1127, 1219, 707
t550=448, 1164, 437, 767
t551=880, 617, 618
t552=403, 773
t553=324
t554=1071, 1090, 1112
t555=859, 596, 266, 773
t556=875, 64
t557=741
t558=1134, 237, 982
t559=28, 3, 560, 270, 866, 294, 271, 943, 894, 1063, 974
t560=598
t561=1061, 362, 866, 325, 981, 607, 609, 924, 994, 1207
t562=1169, 375, 597
t563=1228, 311, 213, 488, 1054
t564=597, 756, 744, 1017, 1208
t565=349
t566=1045, 405, 106
t567=261, 676, 487, 1139, 597
t568=807, 437, 1142
t569=1092, 410, 1024, 620, 362, 784, 1044, 933
t570=789, 747, 326, 1070, 364
t571=347, 608
t572=1160, 384
t573=857, 368
t574=916, 630, 1198, 1098
t575=957, 571, 673, 370, 1105, 521, 743, 954
t576=1064, 481, 953, 310, 43, 1059, 263, 909, 1123
t577=519, 1105
t578=886, 734, 982, 774, 810
t579=352
t580=465, 1183
t581=341, 979, 537
t582=1194, 49, 360, 639, 906
t583=722, 954, 381, 589, 1158
t584=968, 1126, 696, 1200, 1075, 1023, 257
t585=760, 393
t586=1161, 671
t587=1139, 969
t588=1225
t589=353
t590=1074, 249
t591=864, 793, 408
t592=261, 1132, 1090, 5
t593=416, 352, 312, 380
t594=970
t595=915, 474
t596=821
t597=1169, 361, 1016, 310, 693, 845, 471
t598=762, 714
t599=465
t600=457
t601=1079, 515
t602=1055, 739, 708, 352
t603=967, 617, 249, 877, 695
t604=428, 686, 623
t605=575, 940, 849, 541
t606=686
t607=941, 315
t608=1118, 429, 904, 1158, 720
t609=251, 932, 553
t610=1040, 744
t611=568, 1107, 539, 707, 995, 439, 703, 771, 642, 1198, 953, 1151, 574
t612=432, 763, 384, 1155, 637
t613=1154, 475, 499
t614=1171, 291, 671, 534, 1105
t615=1114, 403, 878, 281
t616=1123
t617=318, 625, 298, 850, 135, 1217, 529, 1229, 553
t618=546
t619=990, 1193
t620=783, 408, 262, 319, 1137, 467
t621=313, 272
t622=433, 1110, 243, 1043, 365, 850, 992, 720, 401
t623=153, 1048
t624=1073, 15, 950
t625=223, 1186, 378
t626=682
t627=577
t628=1053, 913, 914
t629=958, 1120
t630=691, 968, 491, 1080
t631=51, 649, 399, 552, 219, 1171, 434, 853
t632=838
t633=560, 862
t634=266, 1138, 905, 1148, 408, 839, 245
t635=1066, 480
t636=1030, 965
t637=1106, 534, 99, 862, 821, 1047
t638=401, 402
t639=1112, 1101, 867, 473, 1164
t640=846, 1236, 1220
t641=819, 621, 957, 709
t642=891, 1025, 953, 1134, 1017, 648
t643=515, 1194
t644=706
t645=733, 1191, 191
t646=1174, 1104
t647=447, 568, 1195, 1235, 1033
t648=300, 851
t649=605
t650=736
t651=966, 664, 720, 1211, 1004, 507, 1057, 923
t652=418, 574
t653=11, 742
t654=786, 1221
t655=1125
t656=274, 85, 1166, 671, 928, 490, 479
t657=1132, 611, 1036
t658=579, 929, 577
t659=655, 543, 1159
t660=871
t661=546, 383
t662=758, 822, 766, 969
t663=765, 1150, 665, 676
t664=1097, 489, 303
t665=974, 853, 887, 905
t666=1026, 558, 802
t667=552, 517, 70, 338
t668=290, 308, 930, 356, 125
t669=849
t670=1129
t671=431
t672=474, 513
t673=1161, 1016, 540, 372, 709, 909
t674=639, 1168
t675=528, 1014
t676=498, 582
t677=999, 214, 703
t678=1151, 944, 611
t679=508, 1074, 1140, 1012, 326, 597
t680=699, 167, 849, 73, 750
t681=824, 1207, 249, 967
t682=1174, 1207, 393, 966, 595, 1018, 814
t683=151, 1165, 546, 757
t684=905, 278, 1103, 1088, 1136, 918
t685=19, 629
t686=844, 937, 990
t687=900
t688=44, 653, 1184, 1167
t689=686
t690=932, 890, 561, 683
t691=997, 478, 629
t692=649, 352
t693=351, 548
t694=935, 672
t695=599, 723
t696=490, 1016, 801
t697=967
t698=948
t699=1021
t700=970, 368, 1011
t701=483, 825, 1089
t702=692, 907, 531, 1192, 484
t703=846, 886
t704=791, 1202, 418, 1151
t705=1115, 1048, 721, 363, 640, 641
t706=923, 617, 621, 1121
t707=831, 699, 316, 700
t708=1235, 1196, 318
t709=752, 1035
t710=430, 670, 772
t711=1192, 741
t712=1001, 727, 793, 1194, 451
t713=309, 773
t714=444, 699, 1045, 315, 559, 353, 518
t715=230, 23, 929, 1097, 686
t716=895, 732, 1109, 505, 651, 10, 615, 727
t717=422, 495, 310
t718=991, 1008
t719=247, 1210, 696
t720=445, 1232, 416
t721=978, 644, 350
t722=1156, 1071, 622, 1005, 537
t723=315, 1159, 1111, 519, 911, 39, 264, 1011, 931
t724=548, 650
t725=1025
t726=599
t727=939
t728=353, 1043, 980, 837, 852
t729=1126, 867
t730=925, 283, 276, 997
t731=705, 506
t732=857, 837
t733=1203, 412
t734=714, 703, 496
t735=897, 981, 293, 425, 260, 953
t736=719
t737=529, 1067, 1222, 1170, 1149, 774, 676, 372, 1179, 1219
t738=534, 552, 937, 708, 896, 867, 964, 293, 1054
t739=813, 626, 602, 411, 420, 745, 887, 537, 79, 921, 252, 722, 799
t740=1111, 659, 1060
t741=1196
t742=829, 920, 1106, 502
t743=1029, 968
t744=178, 937, 370, 921
t745=358, 1197, 1142, 832, 889, 804, 782, 482, 255
t746=1004, 326, 677
t747=1098, 420, 1094, 573
t748=506, 546
t749=812, 904, 847, 829, 986
t750=884, 300, 547
t751=399, 294, 677, 315, 416, 1170
t752=428, 826, 558, 960, 1007, 1127, 458, 309
t753=598, 932, 1008, 566, 1034, 199, 753
t754=583, 599, 573, 863
t755=1145, 863, 430, 782, 403
t756=454, 794
t757=601, 342, 1139, 1205
t758=746
t759=837, 936, 595, 928, 970, 1151
t760=461, 758
t761=1018, 429, 1045
t762=414
t763=522, 711, 993
t764=1215, 862, 465, 715, 142
t765=856, 1195, 815, 974
t766=715, 662, 954
t767=365, 623
t768=830, 1025
t769=1124, 1111
t770=357, 754, 1079, 543, 700, 1140, 946, 753
t771=682, 615, 1172
t772=540, 462, 1135, 819, 171, 737, 345
t773=1039, 935
t774=978, 76, 489
t775=557, 903, 644
t776=310, 266, 462, 366, 308
t777=1187, 1051, 305, 765
t778=558
t779=474
t780=750, 837
t781=783, 1175
t782=1113, 979, 808
t783=1077, 857, 323, 830
t784=829, 255, 1078
t785=700
t786=1125, 842, 1136, 1080, 945, 370, 883, 901
t787=601
t788=823, 1078
t789=716, 1037, 782, 839, 1235, 809, 842, 1096, 543, 538, 646, 667, 906
t790=252, 1200, 384, 946, 636, 600
t791=978, 494, 989, 1029, 315, 744, 436
t792=636, 1103, 1062, 693, 1121, 1107
t793=838, 904, 625, 902
t794=1134, 1040, 686, 639, 354
t795=318, 1221, 725, 111, 680
t796=1067, 686
t797=580, 773
t798=777, 983, 311, 780, 400
t799=385
t800=1175, 585, 546, 194, 1116
t801=628
t802=343, 383
t803=994, 1139, 1048
t804=453, 600, 1166, 1197, 705
t805=888, 773, 310
t806=1020, 644
t807=373, 605, 1217, 469, 852, 537, 907, 773, 1219, 1041, 271
t808=1222
t809=931, 599, 1074, 894, 558, 328
t810=423, 782, 1123, 1138, 631
t811=47, 741
t812=918, 1042, 590, 530, 856, 390, 709
t813=741, 544, 706, 865, 1127
t814=1115, 315, 1157, 378, 257
t815=1067, 694, 917
t816=820, 635
t817=207, 1103, 353, 1231, 1125, 1054
t818=1140, 620, 618, 700
t819=672
t820=414, 599, 454, 1100, 310
t821=502, 535, 345
t822=467, 562, 864
t823=878, 929, 659
t824=1067, 587, 946, 799, 579, 148, 1127, 707, 378, 961
t825=600, 334, 1060, 347, 944, 519, 595, 650, 537, 337
t826=629, 491, 929, 991
t827=941, 1105
t828=884, 630
t829=675, 293, 549, 826, 794
t830=279, 1204
t831=1082, 1220
t832=366, 97, 1144, 372, 1226
t833=484
t834=435, 727
t835=782, 316, 396, 747, 821, 580, 1020
t836=779, 295
t837=1121, 24, 627
t838=152, 483, 721, 72, 953, 702, 571, 515, 636, 546, 864, 379, 564, 1127, 1078
t839=1220
t840=417, 1195, 1143, 1229, 806, 1046, 1232, 257, 705
t841=686, 810, 341
t842=1074, 1092, 658, 839
t843=575, 643, 1225, 820
t844=671
t845=598
t846=1048, 279, 842, 1130, 1146, 749, 1011, 48, 590, 1225
t847=829, 887, 1073, 35, 1168, 724, 601, 752, 84
t848=656, 1000, 373, 140
t849=1040, 1186, 1127, 952, 768
t850=608
t851=334
t852=88, 1055, 590, 1070, 840
t853=688, 758, 629, 1063, 537
t854=729, 661, 446
t855=68, 988, 852
t856=465, 1143, 1131, 384, 479
t857=860, 32, 782
t858=561, 331
t859=1128, 1232
t860=739, 253, 1093
t861=891, 676, 264, 392
t862=291, 446, 1103
t863=439
t864=848
t865=997, 326, 1186
t866=784, 1073, 363, 689, 864, 304, 512
t867=473, 618, 989, 757
t868=429, 1158
t869=946, 991, 1196, 703, 690, 1054, 632, 980, 473, 627
t870=538, 1078, 489, 698, 962, 760
t871=838
t872=943
t873=1000, 522
t874=1133, 920, 465, 560, 908
t875=495
t876=921, 864, 837
t877=315, 624, 589, 713, 884, 568
t878=367, 1063, 224
t879=1026, 339, 1084, 907, 983
t880=304, 598, 845, 1203
t881=1162, 989, 836, 1214
t882=1063, 67, 656, 332, 354, 956, 549
t883=1218, 306
t884=269, 1217
t885=1147
t886=773, 729, 477, 81, 445
t887=1217, 500, 518, 126, 874, 491, 254, 1229, 579, 961
t888=715
t889=947
t890=961, 1218, 812
t891=385, 515, 786, 691
t892=551
t893=740
t894=466, 473, 1107, 527, 260, 950, 376
t895=489, 424
t896=861, 257, 750
t897=263, 492
t898=309, 927
t899=911, 636, 797, 1018, 1208
t900=600, 508, 41
t901=271, 986
t902=654, 495, 657, 382, 623
t903=400, 1140, 881, 773, 859
t904=737, 466, 795, 705, 1073
t905=255
t906=924, 1155, 370, 404, 1194
t907=592, 453, 1094
t908=596, 1117
t909=403, 604, 795
t910=480
t911=537, 493, 1103, 465
t912=997, 347
t913=1102, 828, 562, 1155, 555, 503, 1078, 497
t914=910, 894, 795, 769, 1012
t915=857
t916=1201, 370
t917=319, 873, 1048
t918=591, 954, 593, 1047, 1090
t919=366, 584, 925, 1152, 629, 839, 916, 802, 892, 1076
t920=810
t921=634, 432, 1166, 986, 642
t922=647, 271
t923=717, 589, 1076, 619, 515
t924=985, 848, 560, 987, 225, 558, 474
t925=477, 629, 748, 1028, 481
t926=1145, 396, 622, 895, 113, 705, 940
t927=586, 939, 445, 675, 390, 997, 485, 985
t928=1127, 1176, 331
t929=519, 174, 887
t930=965, 1109
t931=1035, 688, 965, 1159, 479, 82, 636, 333, 486, 621
t932=1074, 286, 421, 834, 814, 911, 369, 905, 345, 854, 989, 478, 1174, 727, 1163
t933=1197, 1066, 687
t934=868, 124
t935=525, 640
t936=364, 441, 667, 882, 842
t937=368, 263, 871, 1048
t938=505, 819, 276, 994, 813
t939=932, 332
t940=618, 861, 335
t941=877, 773, 302, 731, 411
t942=1000, 1120
t943=1201, 1107
t944=700, 1117, 562
t945=1217
t946=727
t947=1038, 112
t948=576, 911
t949=1027, 423, 1087
t950=790
t951=617, 1172, 712, 768, 1205
t952=978, 688, 894
t953=418, 888, 491, 563, 736, 740, 145, 968, 325, 1038
t954=1221, 941, 968
t955=119, 651
t956=258
t957=1099, 672
t958=635, 595, 482
t959=980
t960=373, 1133, 1139
t961=1065, 513, 490
t962=395
t963=1048, 953, 600, 906, 558
t964=297
t965=315, 501, 1139, 932, 1227
t966=522
t967=180, 795, 745, 506
t968=547, 852, 511
t969=502, 1233, 727, 856, 992
t970=712, 538, 425
t971=1003, 816, 561, 682, 707
t972=1230, 93, 749, 442, 30, 562, 827, 881, 768, 1080, 1108, 475, 266
t973=1154, 515, 735, 916, 441, 836, 134, 954, 968
t974=1029, 1086
t975=297, 903
t976=1141
t977=988, 465, 522, 423
t978=403, 38, 479
t979=576
t980=590, 1035
t981=499, 1044
t982=310, 1127, 550, 349, 406, 471, 1115, 327, 449, 777
t983=613, 797, 982
t984=455, 615, 557, 440, 968, 617
t985=256, 1054, 1111, 597, 94, 685, 669, 651, 937, 964, 938, 706
t986=649, 1151
t987=258, 491
t988=516, 854, 1157
t989=1180
t990=936, 592, 1076
t991=411
t992=1038
t993=946, 380
t994=1108, 558, 1163
t995=415, 1075
t996=1114, 700, 1, 1052, 905, 453
t997=597, 1159
t998=414, 300, 594, 874, 380, 318
t999=928, 503
t1000=900, 796, 1044, 547, 1081
t1001=1198, 479
t1002=1071, 829
t1003=1156, 348
t1004=613, 337, 516, 259
t1005=792, 408
t1006=480, 1120, 912, 485
t1007=724, 429, 1232, 1197
t1008=963, 422, 520, 340, 751, 1088
t1009=1194, 510, 1110
t1010=1198, 1049, 1214, 799
t1011=323, 501
t1012=294, 432, 359
t1013=1076, 518
t1014=1061, 1181, 1016, 198, 477
t1015=978, 909
t1016=663, 932, 1237, 773
t1017=449, 579, 905
t1018=825, 857
t1019=1115, 273, 992
t1020=1007, 745, 301, 374, 1135, 1073, 303, 498, 572
t1021=18, 714
t1022=147, 917, 691, 1035, 1161, 796, 408, 1135
t1023=767, 470, 856, 943
t1024=1054, 949
t1025=315, 537, 1023, 1090
t1026=1124, 700
t1027=1026, 1151, 907, 1177, 1034
t1028=1208, 856, 568, 780, 896, 545, 548, 958
t1029=613, 456, 661, 161, 1191, 280, 1201
t1030=836, 324, 938, 981, 872
t1031=838
t1032=1131, 848
t1033=449, 265
t1034=467, 615, 567, 776, 1075
t1035=539, 780, 1078, 644
t1036=310, 641, 90, 535, 201
t1037=1047
t1038=629, 620, 879, 676, 1049, 466, 715
t1039=414, 251, 318, 927
t1040=9, 901, 909, 1204
t1041=1153, 288, 622, 795, 1024
t1042=779, 1159
t1043=619, 686, 921
t1044=727, 796, 417
t1045=1164, 1064
t1046=497, 303, 1028, 1181
t1047=1047, 1094
t1048=454, 1195, 1033, 913, 315, 376
t1049=968, 622, 912
t1050=390, 739, 911, 319, 953
t1051=598, 800
t1052=315, 708, 690, 503, 1047
t1053=919, 341, 799, 751, 1019
t1054=627, 736
t1055=931, 1191, 904, 1022, 946, 685
t1056=307, 54, 1191, 428, 810, 704, 248
t1057=347, 1069, 1035
t1058=317
t1059=699
t1060=873, 1216, 723
t1061=1220, 938, 613
t1062=279, 939
t1063=557, 1160, 1067, 186, 947, 931
t1064=301, 828, 938, 914, 418, 697
t1065=756, 353
t1066=495, 1088, 252, 581, 900, 221, 553, 308, 522, 782, 921, 757, 164, 1033
t1067=427, 1088, 997, 1033, 461, 470, 1078, 1111, 22, 761, 202
t1068=490, 807, 1181, 1217
t1069=1177, 860, 368
t1070=740, 1133
t1071=1062, 978, 1037, 331, 905
t1072=550, 133
t1073=600, 610, 791, 1016, 476
t1074=1188, 495
t1075=1053, 1003
t1076=700
t1077=1127, 325
t1078=504, 911, 417, 1022, 766, 467, 1103
t1079=642
t1080=1084, 572, 620, 913, 1139, 1140, 903
t1081=765, 559, 584, 1094
t1082=435, 693, 1101
t1083=7, 499, 1135
t1084=344
t1085=487, 543, 422, 784, 665, 827, 1108, 1033, 890
t1086=517, 737, 433, 446
t1087=636, 829, 695, 1022, 428, 666
t1088=1222
t1089=752
t1090=359, 339, 316, 971
t1091=524, 1053
t1092=730
t1093=507, 396, 597, 842
t1094=63
t1095=962, 638
t1096=1136, 289, 923, 378, 984, 1087, 162
t1097=456, 123, 419
t1098=1006, 984, 700, 385, 1055, 997
t1099=234, 1192, 1201, 1002, 232, 484
t1100=1006, 651, 460, 301, 792
t1101=1027
t1102=343, 598, 318, 656, 860
t1103=1192, 530, 569
t1104=894, 947
t1105=895, 544, 412, 710, 1213, 1041, 913, 1187, 1138
t1106=732, 856, 1137, 994, 1096
t1107=960, 853, 1218, 537
t1108=678, 1073, 863, 627, 366, 726
t1109=725, 155, 276, 477, 565
t1110=418, 536, 249, 413, 1189
t1111=1185, 580, 899, 554, 717, 515, 1194, 1186
t1112=809, 806, 1227
t1113=807, 702, 693, 856, 934
t1114=537, 571, 217, 1217, 21
t1115=335
t1116=1078, 272, 773, 208
t1117=150, 628
t1118=612, 289
t1119=569, 633, 1095, 827, 688
t1120=377, 175
t1121=294, 274, 60, 286
t1122=821, 597, 693
t1123=1188, 333, 1121
t1124=388, 849, 1082, 580
t1125=414, 327, 767
t1126=951, 1121, 770, 1145, 915
t1127=382, 649, 739
t1128=1088, 978, 699, 986
t1129=741
t1130=105, 1132, 550, 517, 1130, 1136, 720
t1131=1059, 398, 607, 505, 29, 1176
t1132=353, 669, 1074, 506, 216, 1096, 568
t1133=905, 773
t1134=1053, 659, 1102
t1135=1174, 746, 340
t1136=1076, 1064, 684
t1137=1219, 669, 1120, 567
t1138=1155, 316, 1078
t1139=265, 917, 281, 1194
t1140=1040, 520
t1141=901
t1142=366
t1143=523, 503
t1144=1114, 636
t1145=596, 594, 898, 921, 857, 595, 324, 941, 373, 449
t1146=256
t1147=429, 477, 571, 563
t1148=1201, 320, 437, 1090, 489
t1149=1094, 1101, 925, 479, 989, 1147, 303, 453, 913, 932
t1150=908
t1151=1031, 935, 406, 418, 256
t1152=1008, 301, 796
t1153=1201, 771, 821, 944, 373, 600
t1154=796, 579, 1236, 569, 1074, 964
t1155=310, 973
t1156=856
t1157=1078, 384, 657, 379, 847, 839
t1158=53, 705
t1159=562, 676
t1160=595, 1209, 568, 578
t1161=689, 383
t1162=1162, 310, 1217
t1163=968, 271, 826, 924, 56
t1164=645, 381
t1165=1108, 816
t1166=1016, 1107, 976
t1167=1047, 1050, 269, 340, 746
t1168=763, 534, 309, 253
t1169=1022, 483, 654, 939, 583
t1170=1070, 1051
t1171=856, 579, 258, 609
t1172=890, 377, 529, 897, 901, 921
t1173=488, 316, 782, 877
t1174=1159, 701, 265, 506, 945, 304, 873
t1175=1110, 263, 960
t1176=320, 315, 676, 956, 622, 1137, 372, 914, 773, 1155, 864
t1177=754, 591
t1178=1086
t1179=793, 332
t1180=686, 592, 1099
t1181=1002, 897
t1182=1032, 508, 1188, 1229, 91, 490
t1183=600
t1184=543, 1044, 907, 1047, 549, 244, 1122, 901, 639, 767, 609, 742, 710, 575, 1035
t1185=857, 747
t1186=1219
t1187=759
t1188=384, 340, 942, 1167
t1189=31, 613, 1209
t1190=149, 951, 387
t1191=1031, 951, 599
t1192=323, 1064, 1079, 310, 833
t1193=270
t1194=938, 861
t1195=204, 1167
t1196=738, 1086
t1197=340, 251, 637
t1198=715, 1191, 1062, 659, 452, 1052, 716, 575, 952, 863, 674, 562, 521, 842, 964, 1151
t1199=912, 1149
t1200=712, 463, 670
t1201=654, 757
t1202=1178, 474
t1203=283, 364, 550
t1204=973, 144
t1205=397, 975, 301
t1206=503
t1207=409, 437, 1056, 525, 696, 384, 590, 109, 1072, 828, 847, 1134, 705, 849
t1208=338, 548, 498, 2, 619, 691, 860, 716, 746
t1209=568, 944
t1210=1139, 1151, 1080
t1211=1208, 367, 489, 407
t1212=432, 579, 890, 312, 1080
t1213=733, 428
t1214=709, 728
t1215=1191
t1216=655, 503
t1217=836, 368, 172, 537, 718, 252
t1218=601, 764, 837, 1183, 336
t1219=795, 518, 338, 622, 732, 1118, 1157, 1126, 1035, 1107, 942
t1220=1129
t1221=1175, 1217, 916
t1222=822, 640
t1223=609
t1224=257, 964
t1225=839, 1060, 1110, 1094, 570
t1226=556, 610
t1227=845, 1040
t1228=788
t1229=914, 891, 841
t1230=594, 921
t1231=254, 384
t1232=816, 350, 694
t1233=597, 297
t1234=228
t1235=1163
t1236=618, 875, 512
t1237=248
t1238=248
t1239=1149, 411, 1071, 1066, 883, 315, 492
t1240=324, 707
t1241=638, 429, 972, 695, 229
t1242=518, 12, 864
t1243=398, 736
t1244=292, 860, 129, 343
t1245=557
t1246=595
t1247=689, 470, 469, 283, 1083
t1248=534, 1077
t1249=893, 923, 629, 913, 394, 619, 139, 1008, 953, 264, 1111, 6, 1094, 1151, 1042, 486, 115
t1250=967, 1123, 366
t1251=966, 315, 864, 763
t1252=1135, 1132
t1253=1069
t1254=837, 916, 683, 1026, 594, 733, 1231, 1074, 715, 890, 598, 673
t1255=663, 351
t1256=1126, 476, 718, 1065, 477
t1257=698, 69, 651, 278, 987, 492, 664
t1258=321
t1259=847, 1099, 657
t1260=1210, 1236
t1261=740, 318, 481, 476, 968, 425
t1262=789
t1263=590, 1035, 790
t1264=988, 368
t1265=748, 827, 515
t1266=883, 1015, 925, 647, 570
t1267=1103, 769, 555, 388, 600, 1215, 788, 1170
t1268=121
t1269=829, 493, 606
t1270=392, 433
t1271=272, 529, 370, 489, 1120, 808, 796, 887, 532, 681, 235, 864
t1272=1050, 857, 378, 1134, 954, 682, 1123, 1192
t1273=305, 567, 1235, 600
t1274=589, 336, 693, 746
t1275=453, 910
t1276=1103, 974, 312
t1277=1127, 405, 617
t1278=749, 674, 652, 971
t1279=1015, 575
t1280=231, 401
t1281=75, 1115
t1282=387
t1283=481, 184, 1022, 998, 349, 529, 1103
t1284=1178, 963, 842, 1148
t1285=937, 58, 342
t1286=1159
t1287=583, 388, 440, 1045
t1288=1217
t1289=1143
t1290=755, 1221
t1291=59, 1147, 987, 855
t1292=573, 1127, 1182, 739, 383
t1293=419, 1003, 1104, 877, 490
t1294=952, 1090, 706
t1295=1027, 423, 785, 601, 668, 405
t1296=1047, 882, 913
t1297=480, 718, 558
t1298=275, 966, 838, 289, 733, 1061
t1299=414, 1009
t1300=685, 622, 1195, 489, 974
t1301=1193, 314, 277, 651
t1302=730, 189, 905
t1303=381
t1304=974, 400, 481, 575, 320
t1305=472, 467
t1306=833, 849, 831, 974, 933
t1307=1040, 668, 78, 296
t1308=879, 778
t1309=982, 840, 621
t1310=1083, 805, 1138, 337, 258, 493
t1311=586, 876
t1312=671, 517
t1313=1096
t1314=685, 462, 375, 257
t1315=1047, 464, 61
t1316=517, 456, 599, 1099, 1051, 395, 961, 938, 526, 768, 1090
t1317=918, 710, 1232
t1318=1093
t1319=1046, 1039, 453, 440
t1320=1071, 965, 301
t1321=566, 365, 1149, 1084, 1151
t1322=344
t1323=669, 977, 622, 1229, 909, 497, 429, 795, 169, 1198, 890
t1324=325, 1164
t1325=515
t1326=891, 402
t1327=1015, 356, 859, 1222, 974
t1328=630
t1329=515, 860, 466
t1330=687
t1331=280, 636, 395, 622
t1332=1235, 1063
t1333=257, 495
t1334=397, 328, 919, 868, 315, 400
t1335=545, 328, 485, 1170
t1336=383, 552, 972, 345, 254, 393, 690
t1337=772, 834
t1338=945, 869
t1339=261
t1340=958, 159, 741, 439, 908, 430, 494, 1152, 960
t1341=396, 459
t1342=965, 821
t1343=570, 1208, 658, 1076
t1344=1213, 581, 1026
t1345=686
t1346=251, 986, 1047, 1078, 905, 438
t1347=528, 703, 500, 1234, 1183
t1348=20, 1192, 309, 1196
t1349=597, 821
t1350=805, 375, 1144
t1351=350, 36, 1054, 1237
t1352=1056
t1353=376, 931, 348, 623, 1074, 1118
t1354=625, 1087
t1355=343, 1055, 951, 622
t1356=1027, 859, 619, 1105, 873
t1357=395, 952, 813
t1358=1043, 1097
t1359=265, 1208, 1024, 877, 388, 1047
t1360=439, 864
t1361=1033, 600, 566, 716, 586
t1362=995, 1173
t1363=1139, 356, 1158, 1151, 835
t1364=1191, 684, 1162, 597, 1169
t1365=821, 701
t1366=503, 431, 868, 259
t1367=302, 104, 552
t1368=840, 924
t1369=287, 306, 1023
t1370=315, 305, 618, 1190
t1371=911, 532, 37, 556, 246
t1372=179, 930, 606
t1373=205, 1074, 511, 383, 688, 820, 557
t1374=640, 938, 1161, 939, 1094, 393, 894, 972, 489, 719, 257
t1375=987, 1175, 782
t1376=1048, 384, 1184, 905, 1090, 1022, 1113, 912
t1377=1019
t1378=746
t1379=537, 1034
t1380=933, 662
t1381=438
t1382=17, 650, 1151, 407, 931, 92, 727, 1199
t1383=45
t1384=857, 311
t1385=873
t1386=1202, 959, 506, 842, 447
t1387=978, 648, 242
t1388=427, 597, 429, 662, 875, 479, 649, 1034
t1389=1150, 751, 746, 476, 681
t1390=693, 986
t1391=381, 509
t1392=1179
t1393=1161, 703, 954, 430, 413
t1394=1090, 269, 768
t1395=1035, 914
t1396=905, 602, 784, 50
t1397=968, 100
t1398=908, 463, 614, 456, 953
t1399=699, 437, 735, 626, 423, 268
t1400=578, 340
t1401=973, 776, 1084, 393, 685
t1402=384, 802, 1074, 909, 668
t1403=588, 89, 1175, 410
t1404=315, 960, 504, 461, 1029, 316, 944
t1405=346, 992, 1222, 669
t1406=299, 122
t1407=1078, 854
t1408=1064
t1409=564, 730, 1227, 976
t1410=802, 263, 712, 953
t1411=866, 438, 1003, 534
t1412=271, 738, 238, 943, 683
t1413=373, 807
t1414=1233, 706
t1415=387, 318
t1416=536
t1417=516, 356, 1212, 478, 964, 380, 761, 1175, 296, 935, 190, 792, 729, 1007, 629
t1418=530, 750
t1419=974, 1170, 693
t1420=755, 788, 1080
t1421=1214, 1033, 510
t1422=1079, 428, 614, 355, 1217, 1048
t1423=608, 710
t1424=384, 540, 1189
t1425=1051
t1426=1053, 886
t1427=981, 739, 261, 1146, 714, 283
t1428=1031, 1195
t1429=330
t1430=1123, 267, 326, 338, 898, 943, 1085
t1431=296, 1143, 1022
t1432=1072, 709, 697, 869, 898, 731, 712
t1433=642
t1434=901
t1435=907, 212, 1044, 1224
t1436=384, 1059, 801, 518
t1437=855, 506, 981, 597, 433, 623
t1438=1020, 781
t1439=1213, 524, 403, 715
t1440=961, 595, 864
t1441=633, 648, 634, 746
t1442=743, 981, 963, 660
t1443=381, 1209, 1048
t1444=698, 663, 1186, 291, 539
t1445=1041, 984
t1446=165, 469
t1447=735, 614, 974, 917, 1107, 580, 95, 639, 814, 310
t1448=1122, 479, 588
t1449=750, 756
t1450=1175, 594
t1451=685, 828, 595, 1146, 322
t1452=557, 414, 1206, 1105
t1453=426, 1008, 512, 723, 685, 965, 483, 597
t1454=874, 562, 117
t1455=460, 732, 341, 1155
t1456=1175, 941, 319, 647, 1021, 1128, 1179, 643, 921, 1139
t1457=315, 1191
t1458=383, 1047, 842, 1034, 965, 754
t1459=621, 404, 438, 803, 1023, 1096
t1460=408, 261, 503
t1461=760
t1462=576, 953, 264, 738, 883, 250, 527, 629, 670, 326, 371, 715
t1463=1208, 1153, 577
t1464=802, 634, 1209
t1465=1021, 631, 681, 396
t1466=1055, 691, 1068, 287
t1467=318
