totalreqs = 1237
totaltest = 1467
//------------------------------------//
// Test Case Versus Requirements Maps //
//------------------------------------//
t1=115, 445, 1119, 313, 681
t2=769, 536, 478, 728
t3=315
t4=452, 899
t5=799, 478
t6=348, 787, 875, 426, 245, 279, 613, 583
t7=860, 637, 728, 1075, 1148
t8=650, 842
t9=910
t10=946, 491
t11=1167, 1132, 290
t12=1018, 765
t13=318, 646, 1110, 858, 29
t14=350, 400, 537, 1019
t15=566, 547
t16=1201
t17=1213, 1068, 1098, 1198, 265, 733, 543
t18=507, 478
t19=490, 795, 1166
t20=877
t21=173, 880
t22=839
t23=954, 801, 422
t24=958, 106
t25=1197, 967
t26=1151, 641, 848, 296, 602
t27=1105
t28=678, 652
t29=387
t30=644, 615, 934, 800, 949
t31=772
t32=769, 366, 497, 915, 1121, 1156
t33=856, 746, 876, 368
t34=332
t35=696, 1132, 459, 1111, 268
t36=1090, 552
t37=798, 503
t38=329, 817, 1121, 1228
t39=559, 480, 540
t40=1232, 998
t41=604, 998, 519, 858, 478
t42=637, 1063, 807
t43=268, 971, 734
t44=1172, 1183
t45=821, 745
t46=654
t47=944, 1067, 440
t48=1108, 1106, 804, 1027
t49=309, 1129, 846, 327
t50=614, 1054, 932
t51=838, 728, 1143
t52=200, 406, 1167, 461, 1175
t53=1188
t54=1018, 763, 410, 1002, 1057
t55=796
t56=494, 311, 791, 983, 401, 1129, 648, 289, 262, 990, 266, 786
t57=612, 271, 812, 1094, 591
t58=940, 1130, 117
t59=949
t60=61
t61=257, 644
t62=499, 906, 993, 779, 345
t63=777, 429
t64=1120, 813, 575, 409, 407
t65=563, 949
t66=608, 1020, 10, 110, 257
t67=845
t68=738, 204, 338
t69=395, 1170, 153
t70=634, 675, 356
t71=613
t72=434, 899
t73=970
t74=762, 272, 396, 358, 901
t75=350, 1083, 257, 922, 19
t76=1182, 607, 483, 1103, 381, 729, 1153
t77=503
t78=373, 672, 735
t79=351
t80=1171
t81=304
t82=519, 1040, 540, 114, 366
t83=213, 779
t84=1047, 1175
t85=1170, 469, 871, 900, 329
t86=629
t87=308, 380
t88=1093, 322
t89=493, 212, 714, 775, 1034
t90=1036, 1103, 992, 698, 269
t91=378, 1205, 887
t92=828, 1046, 1027
t93=329, 991, 1133, 1232
t94=998
t95=678
t96=774, 561, 518, 899, 998, 67, 623, 884
t97=551
t98=268
t99=1089, 146, 1227
t100=843, 1234, 1205, 746, 903, 274
t101=994, 830, 132, 782, 575, 1211
t102=471
t103=1213, 1067, 440, 216, 1050, 1209, 503, 1026, 298, 964, 255, 1039, 955, 1020
t104=611, 302, 1171, 775
t105=1211, 924, 1196, 1142, 686, 1060
t106=481, 758, 564
t107=1059, 830, 910, 1026
t108=322, 304, 1183
t109=793, 354, 1119
t110=1013, 477
t111=670, 1051, 1026, 406, 1209, 969, 314, 690, 602, 373, 395
t112=875, 863, 1022, 792, 707, 833, 1119, 498, 357, 420, 1167, 288, 685, 272, 243, 224
t113=955, 626
t114=785, 873
t115=915, 331, 336, 170
t116=1136, 909, 839, 892, 894, 275, 1057
t117=928, 702, 1234
t118=728
t119=319, 760, 471
t120=1081
t121=969, 656, 355
t122=414, 971, 211, 567, 330, 390, 486, 1224, 621, 1005, 265, 266, 598, 319, 303
t123=374, 1215
t124=257, 374, 249, 862
t125=15, 771
t126=636, 517, 285, 956
t127=460, 868, 639
t128=326
t129=1045, 1175
t130=684, 302
t131=967, 986
t132=1028, 688, 276, 781, 450, 1103
t133=636, 1112, 679, 891, 778, 944, 1173, 323
t134=575, 1219, 1153
t135=283, 540, 877
t136=522, 374, 268
t137=906
t138=1226, 932
t139=913
t140=613, 832, 1062, 1151, 564, 362, 255, 1199, 826, 1037, 1202, 1196
t141=433
t142=702, 343
t143=821, 592, 191, 763, 618, 511, 906, 925, 1067
t144=760, 434, 880
t145=741, 687, 105, 932, 432, 869, 290, 953
t146=655, 816, 1042
t147=636, 329, 759
t148=1155, 412, 314
t149=549
t150=579, 452, 737, 605
t151=906, 971
t152=724, 415
t153=394, 330, 809
t154=1185
t155=386, 1237
t156=268, 972, 280, 266
t157=360, 803, 1232, 1086, 1147
t158=1222, 597, 904, 1126, 424, 814, 491, 659, 1113, 301
t159=1044, 845
t160=331, 652
t161=688, 486, 1026, 1195, 295, 1033, 1155
t162=659, 688, 1216
t163=1133, 911, 1070, 858, 529, 264, 552, 524, 773, 282, 757, 456, 942, 445, 395, 1114, 583, 265, 657, 988
t164=1050, 678
t165=326
t166=830, 1062, 381
t167=1059, 471
t168=858
t169=534, 396, 1118, 442
t170=558, 1000, 969, 715, 789, 548, 796, 674, 642, 1048, 545
t171=747, 727, 334, 638, 894
t172=1130, 1075, 1177, 1050, 529, 113, 322, 985, 1162
t173=440, 454, 444, 955, 655, 777
t174=847, 1018, 925, 377
t175=791, 471, 439, 594
t176=1034, 365, 660, 793, 313
t177=538, 285, 1122, 264, 1227
t178=885, 1208
t179=730, 855
t180=374, 867, 822, 1189
t181=738, 858, 522
t182=998, 528, 934, 1051, 322, 652
t183=603, 750, 1169, 645
t184=1213, 280
t185=1015, 540, 931
t186=733, 473
t187=800, 488, 907, 604
t188=1003
t189=1099, 1218, 422, 614, 313, 1076, 5, 384, 1067, 871, 615
t190=973
t191=299, 703
t192=1190, 1021
t193=779, 431, 809, 264, 1223
t194=360, 1042, 577, 450
t195=507, 1203, 585
t196=1067, 949, 763
t197=296, 1213, 999
t198=930, 384
t199=788, 1034
t200=1067, 583
t201=428, 788
t202=666
t203=320, 342, 69, 490
t204=923, 509, 978, 1180, 931, 929
t205=550, 736
t206=400, 455, 739
t207=339, 738, 654, 928
t208=810, 395
t209=588
t210=354, 591
t211=867, 1116, 720, 350
t212=543, 291
t213=1230, 768
t214=402, 529, 603, 1169, 367
t215=687, 845, 344, 596
t216=591
t217=112, 551, 320
t218=1156, 309, 257
t219=769, 500
t220=990, 903
t221=1216
t222=687, 1189
t223=289, 919
t224=762, 911
t225=813, 349
t226=411, 762
t227=905, 1014
t228=1067, 541, 963, 591, 870
t229=593
t230=924, 775, 876, 714, 169, 1006
t231=709, 487, 1145, 894
t232=741
t233=174, 1200, 449, 381
t234=383, 339
t235=969, 1071, 1219, 570
t236=760, 637, 678, 1018, 1013
t237=697, 256
t238=652, 513
t239=715, 980
t240=568, 478, 364
t241=1050, 1110
t242=677, 948, 717
t243=637, 367
t244=424, 465, 1124, 1128
t245=529, 739, 640, 374, 1208, 532, 659
t246=976, 268, 1167, 342, 528
t247=687, 310, 1112, 1223
t248=715, 908, 1031, 610, 960, 822
t249=807, 1088, 1132, 899
t250=1083, 278, 608, 246, 1173, 838, 510
t251=833, 1062, 1234, 507
t252=1034, 258
t253=477, 635
t254=1008
t255=495, 840, 566, 960
t256=1195
t257=536, 323, 454, 365, 533
t258=490, 1082
t259=309, 1221, 762
t260=1067, 1205, 688
t261=801, 1216
t262=232
t263=563, 196, 922
t264=1130, 375, 498
t265=616, 429
t266=326, 1124
t267=815, 841, 1132
t268=958, 977
t269=940, 687, 779
t270=1098, 1
t271=415, 752, 968
t272=399, 76
t273=392, 814
t274=148, 704, 1010, 327
t275=894, 661
t276=792, 1034
t277=1135, 795, 1173
t278=1157
t279=347, 686
t280=339, 282
t281=484, 968, 759
t282=501, 845
t283=699, 1193
t284=1087, 598, 871, 675
t285=437, 950, 766
t286=1229, 468
t287=660, 950, 1201, 752, 512, 807, 695, 831, 309, 1154, 304
t288=1132
t289=1050, 486
t290=388, 916
t291=864, 1067
t292=692, 73, 588, 1197, 623
t293=331, 284, 460
t294=287, 902
t295=837, 1024, 767, 507
t296=704
t297=1157, 728, 354, 754, 206, 559, 475, 953
t298=830, 471, 495, 779
t299=250, 1200
t300=1158, 862, 577, 798
t301=298, 966, 830
t302=955, 606, 924, 192, 936
t303=421, 633, 439, 719
t304=501, 419
t305=887, 601, 583, 301, 705, 1161
t306=468
t307=1171, 1124, 752, 854
t308=1071, 971
t309=1176, 1009, 958, 728
t310=838
t311=720, 1044, 1042, 1091, 645, 871
t312=1096, 942, 351, 731, 467, 833, 282, 781
t313=1210, 12, 1226
t314=981, 790, 1099
t315=841, 915, 1058, 86, 342, 478, 400, 336
t316=1227
t317=382, 753, 570, 619, 692, 609, 1179
t318=107, 39
t319=552, 962, 1041, 615, 844, 1198
t320=1192, 1113
t321=968, 513
t322=706
t323=500, 370, 547, 893, 412
t324=466, 340, 862
t325=728, 288
t326=499, 894
t327=389, 1134, 737, 612
t328=1223, 681, 709
t329=876
t330=298, 334
t331=801, 438, 978
t332=368
t333=749, 623, 467, 859, 853, 324
t334=1063, 1235
t335=400, 868
t336=289, 917, 1122, 705, 376, 547, 898, 611
t337=780, 1168, 629, 668, 1049, 1215, 686, 833, 248, 526, 1066, 804, 963, 620, 1050
t338=1070, 861
t339=1157, 1181, 16
t340=875
t341=407, 351, 1113
t342=1098, 789, 743
t343=787, 1160, 278, 14, 1100, 214
t344=1207, 585
t345=622, 982, 1083, 738, 360, 429, 1095, 284, 1172, 628, 440, 563
t346=1146, 718, 873, 722
t347=917, 473
t348=23, 572, 1186, 1217, 948, 635
t349=615, 285, 446
t350=892, 325, 759
t351=958
t352=1220, 1024, 1235, 225, 1186, 1033
t353=682
t354=700, 1077
t355=895, 1096, 747, 732, 877
t356=357, 1074, 358, 675, 1193, 551
t357=1206, 701, 833, 314
t358=355
t359=251, 879
t360=959
t361=1119, 392
t362=375, 743, 846, 406, 598, 945, 332, 531, 667
t363=508, 775, 222
t364=949, 182, 551, 924, 1052
t365=755, 775, 1132, 449
t366=252
t367=791, 272, 739, 313
t368=959, 661, 369
t369=1201, 744, 836, 1042, 1158, 494, 482, 651
t370=721, 806, 903, 667, 366, 340, 991, 1174
t371=546, 1059
t372=846
t373=678, 1043
t374=1022
t375=1230
t376=32, 883
t377=549, 570, 116
t378=607
t379=565, 588, 742, 767, 998, 850
t380=825, 826
t381=1018, 1009, 59
t382=1167
t383=313, 1090
t384=607, 443
t385=812
t386=882, 389
t387=728, 537, 292, 775, 892
t388=855, 1215, 283, 747, 374
t389=590, 424, 334, 1163, 597, 685, 889
t390=447, 758, 1160, 971, 433, 472
t391=3, 1208, 744, 911, 972, 648, 1079
t392=885, 1088, 299
t393=128, 729
t394=519, 831, 397
t395=885, 861
t396=1128, 415
t397=413, 1205, 1098, 1039, 944, 1210, 728
t398=1155, 624, 1228, 590, 538, 315, 541, 751, 897, 1099
t399=433
t400=611, 318, 797, 396, 269, 270, 312, 912, 930, 566
t401=1045, 478
t402=1047, 737, 1064, 478, 370, 980, 6, 651, 826, 949, 928, 1137, 322, 1222, 466, 339
t403=633, 589, 661, 58
t404=632, 940, 1230, 1121, 1105, 705, 309
t405=1207, 910
t406=565, 293, 799
t407=1067, 295, 346
t408=970, 504, 1005
t409=775, 304, 745
t410=519, 775, 1090, 678, 1099
t411=306, 865, 962, 696, 760
t412=1088, 42, 929, 123, 659, 367, 693, 459
t413=518, 463, 814, 376
t414=41, 922
t415=344, 914, 1222, 580, 452
t416=535, 1195
t417=678, 1132, 1074, 1124, 840, 1043, 958, 430, 418
t418=1138, 266, 485
t419=254, 1097
t420=962, 714, 791
t421=756, 969, 533
t422=1041, 650, 317
t423=799, 1165, 738, 832
t424=529, 1203, 932
t425=267, 442, 719, 414, 99, 164, 1154, 775, 562, 897, 360, 1198
t426=1109, 1005
t427=355
t428=692
t429=30, 381, 1225, 941, 1044, 729, 541, 49
t430=886, 799
t431=995, 1167
t432=400, 696, 537, 967
t433=871, 754
t434=484, 923, 463, 81, 910, 272, 778, 951, 921, 1022
t435=1124, 510
t436=1236, 1017, 572, 852
t437=850, 1215, 921
t438=1085, 933, 185, 1223
t439=461, 599
t440=1006, 1108
t441=990, 24
t442=554, 1066, 868, 1092, 445, 266, 291, 683, 499, 871, 424, 1171, 1113, 1173
t443=1167
t444=886, 97
t445=611
t446=322, 598
t447=890, 802, 678, 716
t448=321, 426
t449=964, 963, 987, 562, 217, 1166, 800, 1077
t450=738, 254, 970
t451=874, 910, 1225
t452=468, 1110, 1136, 838, 756
t453=339, 971
t454=383, 1216, 594, 920, 416, 775, 340, 300
t455=685, 1216, 479, 304, 371, 751, 847, 341, 1060
t456=1159, 1212, 1234, 448, 846
t457=1012, 854
t458=583, 889, 878
t459=557, 1084
t460=301, 272, 747, 634, 416
t461=933
t462=537, 761, 559
t463=365, 961, 92, 653, 493, 950
t464=177, 1229
t465=1161
t466=911, 583
t467=752, 747, 809, 775, 729
t468=1055, 590, 617
t469=1184, 274, 504
t470=367, 785, 1073, 604, 384
t471=1167
t472=599, 347
t473=909, 1176, 339, 867, 653
t474=324, 339, 328
t475=534, 352, 1027, 615
t476=765, 564, 854
t477=688
t478=628, 1167, 419, 314, 1013, 436
t479=1041, 834, 119, 614, 655, 545, 548
t480=572, 664
t481=893, 1044, 1149, 257, 813
t482=387, 1195
t483=898, 410
t484=510, 419, 1126
t485=439, 372, 941, 797, 140, 461, 1013, 1172, 981, 554, 548, 692
t486=373, 317
t487=135
t488=1148, 783, 516, 568, 937
t489=417, 753, 902, 1230, 1005, 748
t490=971, 370, 780, 964
t491=1041, 435, 493, 833, 711
t492=558, 587, 375, 785, 783, 637
t493=741, 1051, 714, 725, 1058
t494=915, 298, 1228, 498, 899
t495=655, 763
t496=394, 471, 763
t497=583, 385
t498=849, 492, 1147, 964, 257, 1162
t499=904, 893
t500=872, 894
t501=1098, 305, 578, 892, 319, 130, 888
t502=728, 504, 1061, 766
t503=1177, 906
t504=118, 509, 261, 282
t505=617, 1040, 40, 940
t506=226, 592
t507=360, 805, 1051, 649, 383, 490, 1058, 787
t508=966
t509=208, 358, 1111, 1102
t510=950, 545
t511=949
t512=445, 729
t513=280, 408
t514=1004, 854
t515=522, 1209, 362, 1067
t516=463, 1063, 1029, 158, 688, 1065
t517=939
t518=1090, 833, 418, 322, 929
t519=449
t520=749, 841, 879, 555, 1058
t521=951, 875
t522=1129
t523=302
t524=1055, 129
t525=573
t526=83, 760
t527=691, 1064, 479, 607, 1004
t528=732, 549, 581, 940, 277, 271, 136
t529=1167
t530=561, 933
t531=766, 1029
t532=1059, 846
t533=305, 1171, 505, 1168, 384
t534=628, 1074
t535=962, 688
t536=851, 513, 1017, 481
t537=620, 1126, 849, 570
t538=484
t539=754, 922, 556
t540=604
t541=848, 871, 520, 687, 45, 930, 1208, 1060, 317
t542=1004, 1031, 680
t543=93, 51, 890, 1173, 472, 473
t544=1180, 655
t545=729, 1005, 545
t546=788, 760, 988, 833, 376, 1227
t547=583
t548=1140
t549=908
t550=1053, 1157
t551=1155, 294, 775
t552=301
t553=570, 314, 886
t554=318, 337
t555=835, 688
t556=456, 306, 1183
t557=1136, 655
t558=829, 776, 805, 622
t559=1152, 968, 791, 575, 365, 279, 664, 527
t560=966, 461, 1086, 645
t561=625, 880, 504, 404, 1199, 672, 1198
t562=996, 811, 969, 221
t563=713, 1142, 1034, 451
t564=896, 437, 579, 1081
t565=790
t566=124, 1010
t567=280, 209
t568=517, 1171, 1063, 344, 1079, 329
t569=714, 801, 847, 406
t570=272, 617
t571=532, 122, 1176, 668, 1233, 463
t572=974, 336, 584, 884
t573=1144, 33
t574=439, 503, 402, 917, 543
t575=340, 736, 1007, 131, 833
t576=441
t577=1234, 361, 338, 555
t578=1025, 779, 401, 1103
t579=638, 404, 1019
t580=1167, 519
t581=899, 258, 1067
t582=159, 655, 314, 565
t583=575, 1022
t584=365, 1067, 980, 1098
t585=296, 900, 302, 585, 1116
t586=355, 1222
t587=702, 969
t588=1026, 440, 494
t589=980, 660
t590=642, 728
t591=745, 1016, 1121, 1172
t592=281, 419, 1186, 1050, 429
t593=831, 761, 485, 1023
t594=1210, 318
t595=1156, 1190
t596=831, 419, 469
t597=1008, 687, 586, 858
t598=1012
t599=1098, 998
t600=333, 332
t601=770, 271
t602=527, 566, 814, 1205
t603=1016
t604=543
t605=365, 296
t606=1171, 602
t607=859, 650, 762, 980
t608=556, 810
t609=314, 438
t610=875, 731
t611=1115, 301, 1117, 820
t612=879, 617
t613=600, 659
t614=304, 566
t615=560, 1018
t616=762, 1126, 1173, 1078
t617=894, 376, 846, 481, 549, 1050, 365, 729, 871, 797, 1127, 951
t618=346, 750, 1226
t619=1062, 845, 583
t620=60, 868, 833, 1018, 370, 286, 474, 525, 1021
t621=858, 673, 477
t622=307, 420
t623=662, 372, 404, 978
t624=543, 250, 796, 378, 1083, 1119, 579
t625=77, 323
t626=1159, 666
t627=1194, 1208
t628=919
t629=1044, 484, 389
t630=1005, 717
t631=457
t632=655, 884, 294
t633=726
t634=596, 53
t635=1009, 1235
t636=439, 1116, 784, 454, 491, 860, 952
t637=737
t638=1000
t639=553, 886, 587, 369, 644, 1131, 1157, 1051, 1164, 443
t640=1234, 1167, 760, 1161, 700, 507, 444, 559
t641=566, 430
t642=515, 1214
t643=1184, 495
t644=336, 503, 468
t645=633, 62, 445, 783, 707, 418
t646=1005, 496, 313
t647=321, 928, 378, 874, 552
t648=1044, 773, 693, 816
t649=1055, 1012
t650=868, 635, 619, 1198, 582, 924, 654, 665, 952, 1017, 604, 886, 991
t651=699, 1213, 449, 1233, 883, 1083
t652=776, 645, 704, 596, 421
t653=865, 1018
t654=1096, 490, 310, 890, 760, 494, 621, 371, 794, 964
t655=729, 1057, 378
t656=373, 927, 506, 787, 1034
t657=908, 955, 250, 661
t658=454, 586, 819, 1067
t659=950
t660=588, 731, 887
t661=846, 686, 729, 515, 534
t662=421, 1001, 1045, 966, 350, 522, 833, 497
t663=458, 820, 1109, 358, 1150, 417, 1192, 471, 1137, 419, 808, 998, 1058, 47, 1029, 518
t664=816, 766, 111, 440, 264
t665=268, 309
t666=312, 629
t667=533, 433, 329, 969, 1001
t668=567, 190, 367, 362, 1143, 685, 1106, 668, 1108, 679, 250, 1171, 694, 322, 263, 441, 432, 891, 490
t669=720, 1102, 404
t670=644, 506
t671=305, 272, 516, 1167, 352
t672=309, 1015, 1034, 586, 879, 175, 632
t673=1145, 827, 1195, 534, 950
t674=109, 591, 467
t675=356
t676=675, 875, 774, 1086, 596, 958, 1188
t677=1044, 365
t678=1230
t679=991, 436, 754, 1004, 365, 1213, 678, 88, 510, 1150
t680=649, 1175
t681=1071, 974, 997, 1167, 440
t682=424, 326
t683=1096, 589, 727, 1011, 596, 479
t684=1034
t685=1032, 1198, 915, 994, 526
t686=322, 348, 1208
t687=1172, 1056
t688=833, 503, 523, 1226, 1041
t689=759, 535
t690=518, 593, 663, 843, 814
t691=469, 87, 626, 545, 1210, 708, 1121, 349, 1095, 623, 1173, 890, 1050, 589, 998
t692=604
t693=210, 857, 917
t694=1044, 1167, 1184, 311, 998, 886
t695=901, 553, 1119
t696=402, 264
t697=788
t698=305
t699=784, 899, 778
t700=1130, 1212
t701=810, 1031
t702=251
t703=499, 646, 1106
t704=970, 886, 347
t705=257, 503, 643, 904, 979, 1020, 1045, 662, 511, 676, 483
t706=1063, 729, 309, 1046, 439, 1143, 710, 501, 1179, 457
t707=544, 291, 596
t708=1158, 415, 1208
t709=678
t710=361
t711=940, 801, 833, 309, 906, 273
t712=303, 365
t713=534, 1034
t714=1157, 876, 439, 256, 995, 694, 636, 431
t715=479, 591
t716=580, 603, 1088, 644
t717=614
t718=264, 938
t719=1095, 782
t720=983, 902, 647
t721=282, 384
t722=924, 573
t723=546, 885, 424, 738, 657
t724=688, 914, 704
t725=524, 459, 869, 1007, 121, 887, 1126, 823, 688, 1019, 1042
t726=809, 962
t727=912, 1134, 585, 527
t728=429
t729=672, 257, 559, 1208, 428
t730=588, 540
t731=573, 731, 968
t732=864, 291
t733=429, 247, 727
t734=881, 779, 1167
t735=512
t736=500, 78, 757
t737=337, 1199, 1180
t738=48, 385
t739=307, 265, 1022, 798, 385, 487
t740=833, 310
t741=1119, 718
t742=329, 866, 654, 655, 1035, 565
t743=681, 688, 506, 265
t744=270, 614, 1114, 904
t745=994, 678
t746=463, 788, 1171
t747=1113, 845, 355, 604, 548, 410
t748=846
t749=794, 585, 1141, 454, 582
t750=724, 374
t751=202, 1156, 1038, 713, 1104
t752=823, 257, 787, 785
t753=610, 511
t754=398, 1158, 1124, 1068, 630, 841, 731, 473, 446, 863, 609
t755=833, 794, 886, 660, 775
t756=492, 1164, 1121, 413, 1139
t757=433, 442, 1107, 316, 340
t758=244, 686
t759=665, 1102
t760=462
t761=333, 1035, 573, 431, 758, 1097, 325, 1104, 532
t762=463
t763=648, 273, 583
t764=831, 747, 689, 365, 511, 942
t765=591, 378
t766=1099, 570
t767=915, 1100
t768=1172, 514
t769=763, 900, 940, 819, 613
t770=469, 43, 482, 1083, 394, 1137, 946, 660, 277, 940, 395, 606, 1209
t771=825, 855
t772=1151, 564, 434, 776, 961, 1172, 775
t773=373, 1015, 617
t774=582, 987, 342, 629
t775=1147, 918, 282, 652, 989
t776=605, 1205, 561, 700, 595, 57, 320, 724, 181, 304, 860, 783
t777=774, 424, 703
t778=762, 383, 405, 535, 913, 463, 578, 723, 957, 290, 871, 890, 27, 923, 687
t779=471, 614
t780=75, 661, 444, 266, 400
t781=143, 44, 544, 793
t782=1004, 684
t783=560, 383, 166, 852, 648, 565, 635, 837
t784=915, 1197, 688, 728
t785=375, 826, 79
t786=804, 1067, 854, 280, 1031, 1143, 678, 1144, 377, 901, 282
t787=625, 571, 987
t788=1025, 581, 1149
t789=831, 605, 322, 1190
t790=995, 766
t791=666, 838, 265, 1147
t792=906, 1129, 768, 771, 779, 1122, 566, 1208, 583, 665, 286
t793=769, 565, 915, 1043, 650
t794=305, 666, 565, 534, 1195, 799
t795=918, 1194, 732, 375, 591, 1003, 684, 133
t796=569, 477, 595
t797=160, 296
t798=760, 618, 272, 416
t799=1120, 904, 1072
t800=905, 690, 619
t801=1235, 708, 547
t802=666, 971
t803=806, 723, 1164, 1061, 678, 31
t804=760, 968, 179
t805=1136, 1199
t806=710
t807=839, 1079, 56, 779, 398
t808=752, 930, 1144, 899, 745
t809=687, 343, 507, 534, 257, 1121
t810=404, 972
t811=1032
t812=453, 343, 847
t813=1184, 1170, 612, 678
t814=990
t815=680, 796, 1126, 924, 684, 790, 1219, 341, 906, 545
t816=20, 360, 746
t817=921, 1162, 300
t818=880, 490, 374
t819=875, 220, 199
t820=287, 1075
t821=631, 848, 884, 986
t822=400
t823=804, 1208, 478, 608, 557
t824=278, 959, 464, 968, 1173, 1093, 969, 1192, 901
t825=825, 798, 272, 382, 870, 958, 1041, 1167, 546
t826=375
t827=336, 440, 599, 658, 151
t828=1155, 730
t829=332, 892, 258, 333, 989, 383, 473, 1201, 693, 878, 904, 313, 316, 365, 273, 588
t830=800, 849, 1140, 736, 1086, 1100, 1052
t831=940, 635
t832=669, 947, 1027, 927
t833=395, 400
t834=759, 315, 228, 1112, 1157
t835=845, 493, 1138, 438, 1215
t836=288, 725
t837=1015, 609, 1227, 712, 313
t838=1010, 1124, 470
t839=381, 691, 282, 1149, 520
t840=664, 345, 1208
t841=965, 575, 480, 813, 530, 662, 250, 273
t842=254, 1151
t843=670, 1105, 1081
t844=471, 339, 915, 998, 907
t845=688
t846=1006, 1168, 1167
t847=570
t848=752, 309, 546, 329, 1183, 1193, 800, 1073, 583
t849=1144, 697
t850=545, 1056, 516
t851=540, 771
t852=367, 714, 991, 156, 1181, 985, 1116, 811, 189
t853=1136, 1118, 1140, 530, 310, 1082
t854=1212
t855=269, 519, 268
t856=718, 551, 298
t857=1167, 978, 519, 398
t858=339, 613, 988
t859=1166
t860=1125, 268, 547, 1085, 582, 408, 962
t861=719, 347, 139
t862=460
t863=431, 724, 583, 828, 546, 642
t864=510, 1062
t865=728, 431, 540, 633, 1098, 257, 288, 127, 489, 654, 337, 463, 981
t866=800, 395, 352, 688, 1058, 285
t867=324, 288, 1176, 688, 1018, 1180
t868=1151, 393
t869=949, 1177
t870=760, 968, 813, 888, 365, 1103, 104, 322
t871=589
t872=688, 827
t873=795, 504, 789, 645, 919, 478
t874=672, 779
t875=1142, 581, 433, 1010, 489, 714, 484
t876=728, 782, 622, 1086
t877=648, 207
t878=1048, 953, 1195, 1018
t879=973
t880=648, 779, 1058, 464, 1083
t881=1234, 426
t882=1195, 576, 479
t883=547, 1103, 712, 629, 830, 473, 424, 26, 495, 432
t884=248, 652, 1187, 975
t885=594
t886=543
t887=583, 341, 218, 921
t888=1019, 601, 1152, 1117, 504
t889=647, 1025
t890=683, 617, 1235
t891=1191
t892=517, 716, 790, 522, 142
t893=917, 1095, 1232, 593, 835, 302, 1041, 669, 947, 491, 807, 710
t894=686, 734
t895=300, 551, 1035
t896=845, 318
t897=526, 872, 378, 678, 591, 98, 392, 623, 816, 82, 275, 1103
t898=511, 889, 356, 647
t899=436, 176
t900=853, 254, 251, 255, 910, 317
t901=818, 364, 1132, 440
t902=775, 995, 869, 534
t903=567
t904=248
t905=523
t906=1232, 958, 595, 314
t907=1103
t908=881, 567, 831, 274, 994
t909=409, 486, 802, 309
t910=758
t911=1126, 379, 699, 365
t912=1059
t913=433, 684
t914=812, 1036
t915=789, 519, 914
t916=257, 1088, 624, 741, 1156, 897
t917=1069
t918=1155, 542, 1137
t919=348, 1111, 922, 464
t920=736, 724, 879, 453
t921=565, 1033, 1110, 1067, 642
t922=997, 314
t923=632, 1180, 1233, 520, 491, 770, 268
t924=561
t925=610, 520, 288
t926=688
t927=1073, 698, 632, 758, 328, 839
t928=891, 463
t929=968, 795
t930=702
t931=835, 673
t932=513, 242
t933=462
t934=308, 425, 834, 353, 915, 336, 497, 306, 951, 620, 908, 1038
t935=376, 377
t936=548, 859, 1008, 737, 314, 965
t937=551, 403
t938=137, 1026, 401
t939=793, 923, 860
t940=841, 322, 984, 521, 565
t941=617, 347, 330, 758, 817, 1160, 844, 462, 962, 992, 478, 607, 687, 1152, 540, 1103, 637, 688, 475, 728
t942=1149, 571, 389, 548
t943=372
t944=722, 354, 885
t945=521, 721
t946=333
t947=343, 574, 1126, 956, 592
t948=593, 1035
t949=1208, 1027, 1234, 653
t950=731, 330, 347, 439, 940, 738, 397
t951=298, 595, 102
t952=1215, 393
t953=1101, 1180, 848
t954=810, 781
t955=1035, 1206
t956=648, 1101
t957=1171, 726, 699
t958=414
t959=227, 1015, 774, 187, 663, 421, 910
t960=1178, 267
t961=1075
t962=491, 330
t963=64
t964=764
t965=667, 873
t966=1114
t967=752, 513
t968=1206, 938
t969=949, 688
t970=1142
t971=887
t972=747
t973=1159
t974=463, 554
t975=817, 1177
t976=7
t977=544
t978=496
t979=505, 846, 362
t980=1180
t981=304, 899
t982=943, 36
t983=553, 1031, 507, 655, 594
t984=850, 779, 37, 696, 252, 774
t985=1146
t986=487, 1213
t987=471, 375, 108
t988=1088, 803
t989=876, 150, 1098, 943, 378, 626, 465, 871
t990=1068
t991=403, 926, 1178
t992=1127
t993=714, 625, 1142, 688, 585, 1204
t994=439, 468
t995=1063, 299, 1231, 690, 13
t996=267, 720
t997=779
t998=309, 1065, 1115, 728, 241, 958, 363
t999=677, 488, 350, 740
t1000=682, 725, 1062, 540, 1233, 360
t1001=297, 544, 584, 46, 1120, 852
t1002=291, 846
t1003=582, 654, 487, 439, 766, 946, 507
t1004=973, 271
t1005=1029, 562, 676, 641
t1006=1098, 685, 518, 393
t1007=896, 555
t1008=791, 1037
t1009=549, 680, 532, 727
t1010=918, 898
t1011=1104, 479, 729, 1056, 304, 1184
t1012=410
t1013=936, 1015
t1014=306, 659
t1015=1203, 445
t1016=305
t1017=598, 505, 667, 1132
t1018=835, 1027, 655, 456
t1019=1049, 936
t1020=580, 459, 626, 1004, 704, 608
t1021=365, 322, 887, 578, 495, 650, 1072
t1022=1086, 833, 471
t1023=1099, 1030
t1024=724, 969
t1025=909, 1149, 979
t1026=1144, 905, 443
t1027=420, 1025, 134, 754
t1028=1154, 1017, 304, 507, 520
t1029=780, 504
t1030=157, 767, 905, 550
t1031=580, 168
t1032=842
t1033=343, 265, 1080, 825
t1034=234
t1035=900, 1033
t1036=266
t1037=383, 826, 634, 419
t1038=440, 925, 631, 771, 1002, 348
t1039=178, 543
t1040=1227
t1041=729, 611, 171, 777, 253, 1134, 898, 249, 433, 752, 240, 473, 445, 545
t1042=379, 440, 976, 927, 704
t1043=900, 847, 1163, 785
t1044=513
t1045=1065, 544, 948, 292
t1046=798, 970, 674
t1047=360, 473, 465
t1048=1115, 416, 381
t1049=678, 439, 808, 943, 940, 272, 1141
t1050=833, 994
t1051=926, 1205, 848, 814, 963
t1052=824, 932, 1180, 410, 329
t1053=762, 565
t1054=1060, 1173, 1147, 837, 396, 749, 549, 603, 381, 833, 574, 360, 698, 282, 1171, 1086
t1055=1231, 1130, 304
t1056=460, 683, 694, 981
t1057=861, 265, 478, 566, 487
t1058=1005, 1226, 911, 1197
t1059=684, 1176, 736, 760, 659, 252, 520, 322, 801
t1060=1156, 825, 1208, 1022, 1116
t1061=884, 466
t1062=678
t1063=853
t1064=378, 351, 284, 386
t1065=595, 309, 490, 1082
t1066=924, 310, 562
t1067=309, 549
t1068=1188, 957, 1033, 231, 984
t1069=1048, 668, 304, 330, 883
t1070=1235, 471, 454, 562, 803, 791, 895
t1071=754
t1072=544, 1156, 861, 1103
t1073=1014, 753
t1074=536, 400, 1180, 360, 1236, 839, 543, 1128, 359, 322, 688, 74, 510, 671, 1167, 270, 783, 614
t1075=1092, 304, 935
t1076=415, 366
t1077=575, 779, 859, 302, 1226
t1078=342, 704, 968, 391, 740
t1079=978, 478, 750, 272
t1080=766, 1072
t1081=337, 308, 50, 103, 760, 441
t1082=194, 423, 472, 660, 724
t1083=680, 838, 1058, 850, 833, 627
t1084=1159, 728
t1085=363, 473
t1086=841, 444, 858
t1087=539
t1088=292
t1089=4, 896
t1090=1033, 399, 1068, 889, 884
t1091=962, 193
t1092=1145, 823
t1093=1012, 261, 1098, 1029, 337, 675, 644
t1094=85, 440, 691, 55, 1092
t1095=1210, 1028, 616
t1096=932
t1097=653, 666
t1098=688, 956, 17, 1237, 861
t1099=909, 865
t1100=839, 1132
t1101=1182
t1102=441, 294, 578, 639, 1029
t1103=1187, 932, 894
t1104=258, 360, 889, 507, 439, 1180, 291
t1105=1151, 703, 779, 714, 637, 610, 798, 1019, 427
t1106=1058
t1107=464, 537, 1203
t1108=310, 632, 872, 588
t1109=871, 950
t1110=1104
t1111=921, 499, 365, 742
t1112=1141, 323, 618
t1113=1005, 864
t1114=154, 424
t1115=498, 517, 874, 742, 1098, 1187, 629, 126, 487
t1116=419, 1088
t1117=813, 858, 249, 261, 236, 384
t1118=507, 416
t1119=1171, 617, 372, 412, 374, 1034, 230, 733, 867, 924, 356, 713
t1120=239
t1121=903, 172, 255
t1122=411, 548, 345, 976, 637, 403, 1099, 1181
t1123=325, 1136, 1155, 917, 494, 416, 848, 1187, 652
t1124=539, 290, 468
t1125=260, 188
t1126=637, 544
t1127=600, 630
t1128=407, 342, 475, 358
t1129=1125, 528, 260, 949, 898, 444, 248, 969, 455
t1130=367, 699, 472, 871
t1131=1208, 545, 101, 777
t1132=846, 659, 940, 1139, 907, 411
t1133=1030, 885
t1134=1127, 685, 688, 368
t1135=853, 641, 517, 397
t1136=334, 393, 1153
t1137=28, 773, 766, 1167, 768, 812, 330
t1138=365
t1139=1135, 1093
t1140=591, 215
t1141=304, 1068
t1142=373, 974
t1143=281, 359, 309, 939, 365, 813
t1144=296, 21
t1145=1111
t1146=916, 922, 751
t1147=360, 856
t1148=676, 513, 762
t1149=999, 661
t1150=395, 1035
t1151=710, 814, 867, 292
t1152=763, 660, 1020, 991, 541
t1153=266, 1099, 1214, 293, 1126
t1154=667, 72, 203, 811, 899, 1119
t1155=774
t1156=637, 1035
t1157=201, 855, 644, 264, 702, 285, 804
t1158=755, 1160
t1159=374, 565
t1160=764, 1083, 689
t1161=1173, 1210, 534, 695, 253, 804, 688, 1077, 295, 909, 1150, 473, 694, 684
t1162=935, 435, 903, 1105, 259, 315, 458, 1035, 275, 825, 787, 833, 695, 1116, 390
t1163=518, 712, 875, 727, 760, 723, 516, 815, 865, 380, 967, 317
t1164=724
t1165=1172, 318, 125
t1166=800, 655, 970
t1167=298
t1168=510
t1169=297, 885
t1170=885, 567
t1171=916, 1213, 1230, 931, 322, 1026, 720
t1172=976, 492, 1101, 315
t1173=694, 940, 1124
t1174=1020
t1175=1002
t1176=476, 420
t1177=149
t1178=1108, 303, 514, 861
t1179=1167
t1180=707
t1181=68
t1182=855, 901, 869
t1183=596, 746
t1184=512, 578, 975, 511, 697, 710
t1185=1170, 856, 445
t1186=620
t1187=802, 826
t1188=556, 1234
t1189=1174, 546
t1190=313, 875
t1191=453
t1192=145, 259
t1193=1151, 259
t1194=465, 1191, 984
t1195=1199, 262
t1196=514
t1197=502, 2, 1185, 1203, 335, 387
t1198=937
t1199=459, 829, 1053
t1200=381, 996, 856, 855, 1217, 350, 794, 585, 609, 507, 711, 252, 310, 1058
t1201=659
t1202=701
t1203=511, 325, 970, 388
t1204=427, 1050, 848, 732, 802, 935
t1205=800, 1189
t1206=1226, 309, 951, 909, 1001, 339, 736, 54, 814, 565, 372, 462
t1207=1230, 315
t1208=564, 493, 66, 656
t1209=309, 96, 441, 1035, 366, 744, 1003, 1174, 284, 138
t1210=785, 475
t1211=893, 415
t1212=1191, 1132
t1213=688, 71, 878, 658, 813, 909, 793
t1214=1062
t1215=661, 1081
t1216=753, 420
t1217=1092
t1218=666
t1219=641
t1220=657, 936, 859, 1019, 916, 366, 1057, 871
t1221=325, 969
t1222=94
t1223=728, 644, 748, 642, 675
t1224=705
t1225=821, 479, 518, 601, 594, 546
t1226=1113, 839
t1227=511, 186
t1228=556, 368, 628, 484, 833
t1229=342, 1009
t1230=567, 972, 675, 954, 1195, 943, 801
t1231=1101
t1232=404, 1182, 443
t1233=1167, 318
t1234=439, 337, 1197, 1018, 846, 304
t1235=1223
t1236=1124
t1237=322
t1238=726, 1228
t1239=805, 751, 787
t1240=1230, 1198, 936, 248, 874
t1241=769, 353, 165
t1242=499, 855
t1243=315, 842
t1244=1106, 779, 468, 451
t1245=761, 804, 958, 531, 163, 1001, 632
t1246=787, 958
t1247=1006, 990, 570, 1066
t1248=219
t1249=459, 719, 970, 903, 467
t1250=958, 361, 257
t1251=447, 1033, 948, 845, 899, 1001
t1252=1023, 576, 625
t1253=917
t1254=858, 828
t1255=808, 1043
t1256=765, 649, 943, 631, 495, 286, 1216, 993, 924, 1212, 1204, 288
t1257=379, 161, 463, 876
t1258=1188, 1192, 833
t1259=463, 35
t1260=516, 1076, 656
t1261=1110
t1262=934, 675, 22, 1137
t1263=1107, 834
t1264=857
t1265=372
t1266=799
t1267=63, 691, 1212, 1089, 600, 703, 1218
t1268=9, 833
t1269=688, 1169
t1270=758, 391, 1125, 484, 582, 583, 647, 1231, 551
t1271=1103, 252, 262
t1272=684, 332, 490, 1184, 1176
t1273=880, 1188, 903, 737, 638, 800, 671
t1274=11, 335
t1275=867, 786, 739
t1276=431, 434, 960, 374, 783, 986, 296
t1277=1024, 992
t1278=480, 1027, 1089
t1279=550, 666, 1213, 722, 733
t1280=424, 638, 267, 1173, 450, 250, 1098, 756, 851, 747, 737, 263
t1281=1103, 964, 308
t1282=462, 471, 440, 751
t1283=205, 661
t1284=433, 690, 627, 1099, 899, 405
t1285=1199, 738, 162, 1233, 263, 378
t1286=380, 725, 759, 952, 357, 251
t1287=406
t1288=894, 589, 1150, 1131
t1289=651, 593, 662
t1290=1141, 989, 25, 966, 91, 1121, 644
t1291=34, 100, 141, 84
t1292=1067, 872
t1293=90, 722, 1191, 847, 317
t1294=1088, 603, 1232, 439, 854, 1030, 386
t1295=310
t1296=583, 603, 495, 940, 610, 304
t1297=643, 198, 624
t1298=433, 1047, 960, 1065, 453
t1299=456, 295, 698, 532, 883, 252, 833
t1300=38, 706, 805, 828
t1301=440, 666
t1302=543, 604
t1303=1232, 280, 769, 974, 321, 384, 1080, 936, 655
t1304=1078, 548
t1305=997
t1306=671, 346
t1307=358, 374, 786
t1308=833, 922
t1309=346, 1234
t1310=256, 794
t1311=882, 540
t1312=1099, 927
t1313=961, 543, 628, 1143, 1014
t1314=868, 704, 1035, 1128, 578
t1315=1056, 1145, 532, 556, 496, 834
t1316=144
t1317=833, 751, 873, 1076, 960
t1318=982, 339, 1152, 810
t1319=745, 498, 679, 1029, 846, 839, 264
t1320=812, 346, 439, 730, 384
t1321=474
t1322=538, 661, 1227, 501, 1209, 1211, 388, 549, 1118, 636
t1323=710, 1005, 477
t1324=1221, 1075
t1325=694, 935, 818, 886, 419, 516, 996, 490, 976, 1205, 965, 958, 528, 1137
t1326=939, 774, 950
t1327=369, 155
t1328=147, 464, 413
t1329=471, 1144
t1330=432, 836, 343
t1331=547, 844, 1025, 735, 1211, 1118
t1332=1180
t1333=523, 889
t1334=746
t1335=467, 1149
t1336=848, 386, 318
t1337=1018, 698, 696, 288, 1177
t1338=445
t1339=503, 1071, 701
t1340=691, 1202, 567
t1341=835, 268, 640, 997, 89, 1172
t1342=454, 287, 167
t1343=727, 1180, 655, 1094
t1344=843, 1123, 120
t1345=381, 664, 1111
t1346=366, 957
t1347=525, 759
t1348=930, 297, 423
t1349=248, 1033, 266
t1350=588, 326, 704, 835
t1351=965, 1206, 714
t1352=869, 1089, 920, 1189
t1353=282, 960, 782
t1354=1102, 787
t1355=1167, 1026
t1356=961, 508
t1357=886, 440, 902, 1195, 1065, 468, 834
t1358=339, 616, 1234
t1359=314, 669, 1091
t1360=431, 152, 861, 1084
t1361=250, 754, 940
t1362=850, 702
t1363=678, 309
t1364=871, 417, 849
t1365=425, 1149, 415, 1031
t1366=481, 892, 987, 878, 537, 957, 905, 1036, 548
t1367=712
t1368=763, 257, 905, 266, 1118, 375, 476, 779, 1202, 284
t1369=1087, 314, 269, 1180, 1029, 440, 678
t1370=922, 1205
t1371=714, 636
t1372=1220, 1172, 1138, 446
t1373=772, 740
t1374=1234, 616, 525
t1375=1176, 596
t1376=1096, 433, 976
t1377=970, 352, 426, 917, 390, 867, 731, 425
t1378=183
t1379=1031
t1380=70
t1381=1098, 1190
t1382=1026, 952, 322
t1383=1026, 502
t1384=405, 477, 850
t1385=1142
t1386=754, 291, 519
t1387=711, 958, 309
t1388=1053, 772, 763, 894, 1135, 861, 1185, 1040
t1389=458
t1390=315, 921, 1035, 942, 463, 788, 435, 256
t1391=1232, 1032, 1103, 1198, 500, 1068, 617, 272
t1392=945, 977, 197
t1393=854, 1067, 582, 735, 1167, 509, 804, 802, 954, 494
t1394=500, 729, 945
t1395=548, 420, 373, 928, 492, 770, 905, 1109
t1396=503, 569, 628, 719, 1195, 470, 330, 180
t1397=326, 1125, 890, 1103, 1223
t1398=281, 1099, 825
t1399=879, 195, 438, 8, 811, 1180
t1400=1170, 500, 799, 647, 792, 681
t1401=507, 733, 342
t1402=440, 830, 268
t1403=802, 436, 466, 779, 871, 479, 703, 1209, 487
t1404=479
t1405=1049, 301, 593, 843
t1406=318, 557
t1407=276, 1176, 1025, 803, 1181, 812
t1408=238, 477, 542, 1011, 849
t1409=52, 1102, 265, 938, 352
t1410=529, 510, 910, 810, 367, 688, 928, 819, 698
t1411=471, 936, 659, 1094, 896, 297, 985, 1178, 95, 708, 800, 920
t1412=1123, 645, 309, 867
t1413=1165, 794
t1414=498
t1415=1063, 329, 1051, 1075, 1097, 237, 1222
t1416=18, 352, 470
t1417=282, 880
t1418=1010, 309
t1419=623, 1069, 526, 598
t1420=722, 980, 598, 394, 906, 887, 546, 335
t1421=1113, 360, 1022, 318, 557
t1422=871
t1423=1006, 1133
t1424=1106, 1184, 790
t1425=340, 682, 858, 1068, 500, 603, 646, 533, 741
t1426=744, 824, 915
t1427=1080, 664, 774
t1428=760, 458
t1429=559, 362
t1430=419, 524, 233
t1431=849, 1193
t1432=485, 415, 846, 513
t1433=1125, 433
t1434=1100, 584, 1074, 877, 396
t1435=369, 273
t1436=394, 976, 288, 262
t1437=1237, 538, 412, 478
t1438=1167, 1008
t1439=400, 936, 570, 463
t1440=311, 919, 632
t1441=432
t1442=966, 779, 1204, 346, 1005
t1443=459, 252, 885
t1444=1224, 865, 493
t1445=259, 431, 864, 863, 1140, 1071, 730, 641, 593
t1446=229
t1447=1166, 1080
t1448=881, 184, 318, 645, 65, 507
t1449=815, 415, 950, 235
t1450=1098
t1451=893, 668
t1452=1180, 699, 636
t1453=728, 1112, 644, 544, 712, 673, 903
t1454=477, 1017
t1455=835, 939, 1171, 779, 833, 891, 411, 1096
t1456=1041
t1457=347, 988, 448, 533, 517, 850, 894, 255, 508
t1458=223, 627
t1459=716, 328, 866
t1460=541, 442, 419, 743, 1040
t1461=1082, 1130
t1462=823, 473, 753, 283
t1463=865, 80, 1119, 381, 998, 810
t1464=760, 330, 1006, 775, 888, 948, 562
t1465=721
t1466=1054
t1467=843, 1118
