totalreqs = 1237
totaltest = 1467
//------------------------------------//
// Test Case Versus Requirements Maps //
//------------------------------------//
t1=657, 1151
t2=249, 776, 1064
t3=670, 951, 595, 832
t4=1029, 761, 512
t5=974, 953
t6=1092, 1067
t7=340, 259, 344, 586, 1202, 973
t8=1052, 552, 435, 1163
t9=904, 1052, 1197
t10=669, 448
t11=58, 1003, 657
t12=560, 597, 294, 881, 808, 1114, 1051, 935, 579
t13=537, 306, 912
t14=809, 325
t15=569
t16=547, 414, 743, 1024, 905, 284, 407, 686, 275, 668, 1216, 639, 715
t17=1145, 764
t18=257, 248, 1229, 668, 409, 1075, 820, 373
t19=417, 395
t20=785, 763
t21=995, 383
t22=665, 603, 438, 154, 477, 512, 544
t23=481, 897, 523, 687
t24=297, 514, 309, 890, 1095, 453
t25=920, 1110
t26=892, 974, 157, 752, 1064
t27=759
t28=632, 559
t29=774, 1176
t30=509, 431, 1060, 1045
t31=1149, 1204
t32=759, 547, 1020, 660
t33=659, 970, 110, 514
t34=1017, 883
t35=965, 300, 103, 314, 812, 1089, 463, 836
t36=1085, 950, 1210, 1140, 628, 316, 822
t37=933, 1090, 424
t38=638, 1069, 808, 1139, 560
t39=456, 515, 750, 804, 494
t40=433, 1198, 773, 807
t41=489, 1108, 688, 1208, 498
t42=481, 261, 808, 766, 558, 353, 596
t43=1231
t44=913, 646
t45=866, 1063, 756, 534
t46=1115, 1182, 1237, 393
t47=574, 868
t48=825, 1225, 836, 112
t49=217, 319, 511
t50=1163, 924, 1167, 1118
t51=897, 1092, 485
t52=1216
t53=750, 1166, 329
t54=512, 589, 185, 1078
t55=1193
t56=672, 1216, 1180, 725, 747
t57=390, 1040, 615, 282, 612
t58=561, 1123
t59=1107, 948
t60=1148, 582, 830, 1045, 688, 460, 715, 562, 606
t61=344, 1085
t62=1048, 401, 725, 1002
t63=527, 825, 798, 1035, 1127, 318, 808, 819
t64=322, 581, 532, 791, 644, 101, 641, 1003
t65=50, 972, 25, 682, 161, 783, 853, 706
t66=696, 436, 803
t67=847
t68=400
t69=734
t70=546, 275, 464
t71=1049, 959, 1180, 435, 1171
t72=779, 924, 298, 370, 1213
t73=834, 1025, 772, 447, 417, 1225, 1188
t74=425, 1160, 1230
t75=381, 628, 533, 544, 473
t76=574, 440, 443, 248, 836, 315
t77=860, 337
t78=1002, 356
t79=405, 469, 291, 952
t80=887, 1076, 756, 652
t81=1199, 640, 310, 482, 416, 646, 922
t82=486, 1017, 1204, 119, 598
t83=897, 836, 1087, 527, 831, 405, 411, 302, 1147, 279
t84=1098, 553, 264, 876, 584, 702
t85=1000, 622, 882
t86=274
t87=645, 369, 1034, 384, 1213, 754, 617
t88=971
t89=278, 1043, 313
t90=483, 1007
t91=444, 491, 248, 264, 1068
t92=345, 391
t93=818, 307
t94=324, 1151, 32
t95=323, 179
t96=1192, 403, 636
t97=1156, 632
t98=536, 1099
t99=559, 583, 1194, 791
t100=631, 839, 888
t101=828, 496, 500, 1120, 615, 440
t102=808, 657
t103=938, 845, 1097, 1107, 672
t104=421, 539, 1194
t105=740, 719, 564
t106=722, 815, 550, 653
t107=1160, 939, 907, 438, 738
t108=200, 698, 886, 883, 1103, 780, 366, 825, 1001
t109=94, 627, 573, 987, 712
t110=1161, 958, 1163
t111=522
t112=1135
t113=270, 1231, 584, 336
t114=1182
t115=1180, 1146
t116=697, 1140
t117=692, 12
t118=339, 779, 643, 632, 973
t119=794, 67, 681, 1004, 1192
t120=742, 613, 798, 382
t121=940, 361, 848, 399
t122=588, 262, 859, 727, 917
t123=42, 1157, 1179, 413, 1229
t124=897, 1137
t125=1225, 885, 759, 322
t126=615, 907, 866
t127=1199, 451
t128=483, 885, 621, 914, 933, 1221
t129=350, 586, 1145
t130=646, 1200
t131=979, 550
t132=957, 1063, 1157
t133=462, 742, 127
t134=478, 296, 658, 859, 431, 955, 408, 461
t135=799
t136=221, 488, 1140, 959, 1127
t137=947, 657, 1087, 356
t138=551, 343, 1008, 635, 1116
t139=804, 833, 283
t140=554, 671, 927, 940, 448
t141=312, 626, 280, 107
t142=454, 824
t143=800
t144=283, 654, 1020, 423
t145=646
t146=848, 1070, 794
t147=339, 118
t148=616
t149=578, 299, 435, 409, 1172, 257, 668
t150=785, 543
t151=621, 296
t152=1047, 1004
t153=292
t154=1177, 538, 833
t155=590, 777
t156=216, 550, 709, 527, 418
t157=817, 424, 378
t158=1222
t159=906, 1153, 697
t160=465, 349, 1022, 488
t161=1124, 764
t162=1142, 816, 1024, 611, 344
t163=801, 560, 420
t164=780, 1106
t165=491
t166=1039, 553
t167=647, 302
t168=256
t169=860, 1084, 1191
t170=773, 843, 1037
t171=568, 435, 674
t172=319, 678, 452, 308, 1210
t173=302, 821, 20, 1133, 358, 1200
t174=534, 609, 827, 538
t175=1107, 481, 297, 1151
t176=302, 563
t177=1195, 293, 1027, 722, 571
t178=277, 600, 865, 945
t179=332, 156, 871, 903, 694, 377
t180=368, 798
t181=938
t182=903, 870, 464, 690
t183=594
t184=532, 739, 1092, 22
t185=816, 296, 1130, 860, 1140, 225
t186=226, 935, 552, 594, 1061, 1202, 678, 932, 865, 299
t187=299, 468
t188=988, 547
t189=574, 860, 167, 978, 881, 828
t190=519, 980, 608
t191=636, 322, 860
t192=454
t193=617
t194=1003, 1011, 422, 672, 528
t195=719, 1127
t196=680
t197=521, 1170, 1026, 875, 1098, 1025, 502, 978, 569, 412, 344
t198=729, 287, 305, 1012
t199=564, 444, 1018, 411, 614
t200=659, 296, 466
t201=28, 939, 739
t202=467
t203=1161, 293
t204=1034
t205=299, 650
t206=472, 401, 635
t207=81, 534, 759
t208=779, 993, 650, 122
t209=790, 879
t210=506, 1079, 431
t211=1090, 1109, 1157, 484
t212=541, 1176
t213=852, 562, 808
t214=842, 572, 456, 626
t215=1068, 825
t216=757, 1017, 1158, 689, 595
t217=469, 510, 903, 1002
t218=821, 819, 860, 316, 282, 898, 646
t219=850
t220=1059
t221=940, 708
t222=724, 300, 939, 1069, 441, 1204
t223=993, 420, 996, 968, 395, 747, 310
t224=595, 1127, 76, 551, 37
t225=966, 766, 1038
t226=875, 1028
t227=1222, 362, 1130, 1192, 994, 611, 552
t228=659, 988, 574, 75
t229=1048
t230=416, 449, 1040
t231=272, 510
t232=821, 859, 394, 788, 973, 1162
t233=733, 742, 297, 261
t234=1009, 1158
t235=645, 430
t236=879, 987, 531, 600
t237=350
t238=968, 799, 540, 504, 634, 532
t239=1097, 298, 270, 762
t240=1072, 894, 325, 571
t241=583, 883
t242=1015, 982
t243=989, 374, 675
t244=577, 796
t245=952, 1086, 77, 566
t246=273, 955, 691
t247=437, 259, 283
t248=1225, 1171, 968
t249=917, 717, 498
t250=957, 6, 841
t251=935, 271
t252=686, 431
t253=533, 232
t254=1142, 1183, 71, 936, 250, 312
t255=1174
t256=939
t257=553, 526
t258=1204, 757
t259=257, 349, 1132, 796, 455, 822
t260=999
t261=526, 1107
t262=332, 1237, 965, 699, 820
t263=23, 1029, 1204
t264=484, 512
t265=772, 476, 821, 888, 1049, 465
t266=778, 1136, 601, 632, 334
t267=1195, 497, 166
t268=298, 1236, 917, 515, 1208, 1093, 332, 1045, 336
t269=1047, 870, 412, 504, 598, 728
t270=1074, 208, 310
t271=951, 761, 1113, 306
t272=650, 312, 691
t273=1008, 819, 1038, 775
t274=1172, 471, 992, 385
t275=795
t276=371, 263, 310
t277=840, 1107, 832, 575, 717, 1087, 536, 794, 585, 169, 925, 836, 907, 1166, 1163, 886, 98
t278=661
t279=745
t280=552, 899, 975
t281=917, 1051, 688, 992
t282=705, 630
t283=726, 323
t284=653, 1086
t285=476
t286=41
t287=499, 1235, 1102, 527, 972
t288=894, 222, 386, 639, 849, 457
t289=632, 512, 740, 536
t290=1064, 967, 416, 641
t291=377, 684, 932, 1206, 1235, 1021, 486
t292=1225, 1157, 866, 415, 1118, 1211
t293=632, 1068, 607
t294=1130
t295=357, 722, 711, 522, 497, 967, 1013, 769, 604, 952
t296=1048
t297=1197, 1122
t298=564, 481
t299=576, 10, 271
t300=1017, 484, 550, 466, 549
t301=837, 588, 767, 352, 645, 567, 555, 356
t302=807, 403, 1058, 559, 325, 1073
t303=1110, 439
t304=335
t305=314, 566, 1139
t306=560, 598
t307=315, 675, 552, 603
t308=126, 464
t309=405, 916, 529, 339, 677, 65, 1070
t310=931, 728, 733, 1090, 1192
t311=801
t312=303
t313=1027, 683
t314=1145, 715, 262, 1107, 469, 1005, 402, 929, 487, 289, 393, 364, 1048, 1032, 462, 706, 484
t315=454, 272, 673, 298, 1004, 1
t316=651, 1042, 1055, 527
t317=1202, 437, 893
t318=1148, 894, 1000, 356
t319=509, 793, 967, 1014
t320=952, 1212, 853, 563, 1117, 356, 627
t321=882, 750, 249, 326, 751, 360, 328
t322=1052, 650, 807, 315, 394
t323=735
t324=406, 985
t325=233, 672, 743, 490, 863
t326=1235
t327=798, 414, 629, 1088, 1036, 788, 1027, 1128, 943, 598, 755, 807
t328=303, 871, 514, 636, 411, 816
t329=631, 353, 131, 420
t330=317, 956, 324, 691, 31, 441
t331=488, 462
t332=1103, 503, 559
t333=860
t334=655, 1069
t335=685, 991, 1101, 332
t336=629
t337=463, 538, 882, 400, 790, 412, 1132, 73
t338=769, 454, 333, 1090, 940, 653, 1163, 817
t339=328, 733, 849
t340=973, 989, 501, 583, 1119
t341=266, 893, 778, 707, 1067, 844, 455, 1150
t342=293, 624, 391
t343=392, 594, 452, 287
t344=999
t345=1097, 964, 303
t346=544, 1149, 560, 294, 332
t347=933, 973, 355, 245, 348, 504, 1192, 692, 961, 1081, 376, 1158, 1080
t348=538, 565
t349=762, 259
t350=794, 1019
t351=789, 657, 595, 813, 816, 907, 256
t352=1032, 1134, 1004, 278
t353=449, 989, 658, 753, 339, 983, 491, 1190, 365, 670, 941, 510, 565
t354=1003, 532, 556, 1124, 1212, 874, 273, 17, 758, 1009, 647
t355=683
t356=470, 1017, 1094, 433, 1080
t357=843, 610
t358=691, 587, 613, 565, 170, 1062, 133
t359=266, 565, 650, 924
t360=261, 730, 950, 646, 724
t361=753
t362=635, 769, 821, 486
t363=935, 739, 666, 214, 298
t364=319, 1224, 859, 733, 382
t365=1038, 784, 802, 269, 683
t366=1146, 1192, 1127
t367=318, 959
t368=1184, 462, 799, 781
t369=409, 201, 1091, 1179, 1230, 368, 257
t370=198, 814, 435, 1163
t371=337
t372=760, 578
t373=651, 261
t374=1199, 134
t375=504, 968, 700, 434, 924, 969, 769, 498, 440
t376=439, 522, 1091, 927, 1148, 449, 443, 1196, 860, 624
t377=987, 431, 776
t378=1013, 602, 1200, 930, 799, 919, 373, 97, 1148
t379=784, 892, 488
t380=539, 379, 1159, 700, 1172, 552, 965, 421, 895, 1145, 288, 870, 414, 1010, 1232
t381=804, 423
t382=1134, 424, 768, 1127, 329
t383=672, 277, 497
t384=492, 1033, 1085, 389, 1225, 1097, 252, 533
t385=781, 787, 464, 218
t386=769, 705, 661, 1097
t387=808, 360, 956, 553
t388=828, 609, 701, 1061
t389=1084, 1173, 581
t390=850, 1092, 632
t391=519, 509, 536
t392=1052, 835
t393=767, 563, 1082, 819
t394=852, 1115
t395=1132, 1017, 900, 1101
t396=330
t397=659, 718, 985
t398=753, 1169, 607, 1185, 735
t399=1066, 968, 931
t400=411
t401=150, 1164, 627
t402=787, 971
t403=1090, 913, 663, 556, 635
t404=587, 231, 872, 1185
t405=1000
t406=994
t407=1235
t408=820, 990
t409=859, 731
t410=252, 1049, 706, 265
t411=923
t412=724, 728, 483, 291
t413=690, 672, 1189, 149, 1157, 522, 698, 594, 837, 443
t414=522, 1058
t415=976, 486, 920
t416=484, 836, 159, 49
t417=621, 1166, 668, 1123, 941, 329, 626
t418=1129, 727, 1189, 536
t419=477, 1138, 302, 622, 784, 1156, 419, 695, 1108, 918
t420=607, 826, 525, 378, 683, 959, 494, 938
t421=782, 361, 309, 511, 508, 327
t422=1202, 475, 1009, 858, 1015, 1058, 829, 1161, 1157, 420
t423=706, 776, 414
t424=497
t425=877, 896, 1024, 569, 706
t426=440, 984
t427=520, 1038, 1226, 704
t428=393
t429=123, 1129
t430=540, 267
t431=30, 1237, 559, 1116, 873
t432=380
t433=1061, 994
t434=637, 1094, 1037
t435=174, 651, 456, 1201, 583
t436=888, 876
t437=257, 1042, 895, 921
t438=749, 618, 634, 413, 640
t439=1054, 364, 688, 553, 823
t440=285, 229, 608, 56, 447
t441=801, 1052, 642, 736, 975, 680
t442=782, 701
t443=743, 713
t444=700, 484, 981, 314
t445=538
t446=194, 900, 684
t447=418, 712, 199
t448=469
t449=566, 728, 991
t450=490, 305, 512
t451=733, 798, 249
t452=609, 559, 1200, 519
t453=908, 359, 272
t454=605, 1085, 696, 559
t455=511, 928, 563, 488, 679, 924, 1231, 973, 1087
t456=151, 1090, 1183, 768, 1160
t457=583, 916, 1222, 511
t458=1087, 759
t459=1047, 522
t460=435, 1079
t461=601, 120, 1128, 1227
t462=564, 410, 1003
t463=469
t464=1025, 516, 1119
t465=979, 1189, 357, 801, 1048, 329, 68, 271
t466=965, 1097, 1197
t467=354, 475, 547, 335, 1222, 1166, 1235, 930, 953, 833
t468=672, 1061, 610
t469=266, 1040, 287, 1222, 836, 1022
t470=340, 626, 268, 1203, 840, 434, 1234
t471=337, 987
t472=834, 304, 401, 265, 250, 985, 1066
t473=626, 468
t474=973
t475=562, 744, 1232, 458, 1062
t476=1168, 368, 332, 1041, 1034, 553, 1086, 462
t477=524, 1086, 1074, 378, 853
t478=351, 1183, 993, 996, 706, 463, 871, 1050
t479=537, 275, 888
t480=635, 1130
t481=648, 831, 893
t482=978, 497, 968, 906, 762
t483=666, 1063, 1141
t484=822, 312, 138
t485=254, 485, 266, 651, 477, 486, 973
t486=1132, 1022, 433, 258
t487=739, 409, 399, 860, 251, 552, 370, 735, 727, 654, 893
t488=696, 364, 1019, 1054
t489=626, 305, 844, 886, 1019, 563
t490=1215, 888, 1231, 1066, 557
t491=461, 1158, 292, 676, 446, 500, 677, 833
t492=902, 1064, 310
t493=857, 868, 941
t494=1015, 801, 626, 753
t495=396, 620, 537, 674
t496=512
t497=158, 1192, 661, 748, 537, 701
t498=1139, 909, 1077, 1151, 1094, 856, 177, 780
t499=530, 1091, 717, 268, 486, 1228, 1066, 744
t500=1004, 980, 406, 1194, 854
t501=1173, 1001
t502=878, 741, 72, 304
t503=1047, 847, 1180, 308, 942, 551, 130, 328
t504=175, 668
t505=611, 337
t506=1179, 520
t507=411, 851
t508=857
t509=511, 734, 1038
t510=693, 1185, 783
t511=361
t512=435, 1204, 860, 764, 941, 461, 1020, 623, 1087, 1200, 328, 739, 397, 1167, 1116
t513=489, 816, 934
t514=1058, 745, 1212
t515=100, 1070, 607, 839
t516=1090, 439, 405, 542, 967, 500, 776
t517=155
t518=113, 832, 827
t519=147, 897
t520=303, 827, 860, 891, 739, 1080, 446, 622
t521=610, 257, 431, 394, 328, 362, 511, 90
t522=559, 1039
t523=537
t524=235, 763
t525=300, 1226, 688, 867
t526=692, 940
t527=624, 749, 477
t528=1163, 1067
t529=760, 471
t530=576, 798, 609
t531=1221, 182, 460, 839
t532=462, 882, 1147
t533=1225, 890
t534=313, 363, 851, 11
t535=624
t536=1003, 435
t537=990, 255, 703
t538=973, 472, 652, 291, 1001, 530, 696, 1036
t539=846, 434, 994, 899, 298, 1042, 864, 756, 520
t540=355, 851, 595, 504, 354, 454, 834, 261, 308, 970, 320, 1207, 1012, 417, 850, 269, 468
t541=1177, 259, 178, 405
t542=645
t543=694, 592
t544=1094, 701, 825, 823, 470, 551, 350
t545=872, 544, 258
t546=757, 837, 731, 462, 676
t547=650, 853, 1132
t548=903, 556, 866, 906
t549=504
t550=1037, 739, 1034, 440, 1192
t551=1208, 974, 460, 808
t552=603, 691, 327, 753
t553=519, 1033, 912, 74, 454, 546, 379, 1039, 821
t554=920, 563, 542, 380
t555=1198
t556=311, 1069
t557=389, 1210
t558=483, 618, 1106, 815, 576
t559=267, 301, 682
t560=367, 712, 687
t561=305, 660, 1197, 1067
t562=864, 978, 473, 844
t563=524, 963
t564=937
t565=1009, 525, 412, 1159, 1161
t566=521
t567=1157, 307, 850, 1111, 1062
t568=1038, 691, 884, 898, 615, 297, 1210
t569=1150, 1183, 997, 253, 728, 1067
t570=349
t571=884, 1034
t572=401, 731, 632
t573=577, 1046, 585, 976
t574=1049, 1217, 310, 295, 888, 272, 365, 754, 943, 240, 444, 1066, 1140, 915, 734, 1135, 486
t575=328
t576=400, 612
t577=1176, 431, 143, 146, 851, 92
t578=487, 281, 364, 1216
t579=825, 879, 1079
t580=1200, 1112, 965, 883, 249, 1130
t581=557, 968
t582=514, 432
t583=728, 16, 945, 269, 621, 807, 887, 583
t584=547, 888, 403, 1170
t585=607, 601, 259, 888
t586=905
t587=518, 836
t588=756, 968
t589=765, 935
t590=459, 868, 1114, 428
t591=557, 637
t592=1030, 879, 764, 411, 1126
t593=522, 888, 536, 1166, 9
t594=243
t595=383
t596=590, 247
t597=1027, 631, 717
t598=911
t599=636, 850
t600=888, 543, 362, 440
t601=344
t602=1059, 565, 739, 579, 1025
t603=51, 852, 511, 621
t604=629, 739, 858, 755, 1151
t605=383
t606=366, 309
t607=433
t608=442, 511, 855, 1128, 648, 577, 479
t609=451, 1127, 1032, 1114
t610=1010, 932, 778
t611=290, 417, 717, 257, 987
t612=1176
t613=483, 346, 751, 863, 487
t614=929
t615=317, 469, 880
t616=1200, 1118, 471
t617=808, 34
t618=462, 394, 521, 390, 734, 1178, 315
t619=973
t620=734
t621=1192
t622=333, 1180
t623=897, 466
t624=21
t625=810, 1168, 1047, 725
t626=523, 352
t627=732, 1189
t628=814, 885, 1058
t629=563, 743
t630=435, 924
t631=507, 605, 263
t632=682, 790, 825
t633=621, 269, 477
t634=576, 888, 1058
t635=1206, 1115
t636=932, 1097
t637=954, 1073
t638=497, 296, 836
t639=266, 590
t640=266, 1142
t641=1192, 777
t642=504, 1003, 746, 1120, 165, 562
t643=943, 268, 761, 445
t644=930, 1228, 241
t645=866
t646=83, 953
t647=679, 767
t648=592, 1003
t649=139, 275
t650=462, 971, 1072, 285, 1142
t651=273, 291
t652=269, 173, 905, 789
t653=869, 1064, 631, 47
t654=895, 320
t655=635, 461, 720
t656=464, 54, 672, 754
t657=950, 895
t658=994, 955, 1218, 932, 745
t659=280, 637, 457, 344, 919, 1069, 901, 1011, 1036, 184
t660=476, 1019, 415
t661=734, 973
t662=646
t663=547, 1002, 275, 386, 1191, 824, 48, 839, 700, 251, 418
t664=688, 824, 1185
t665=430, 1111
t666=693
t667=899
t668=1148, 1083, 1090
t669=293, 737, 873, 690
t670=40, 1145, 612
t671=346, 1048, 505, 1138
t672=1199
t673=207, 205, 752, 478
t674=407, 800, 863
t675=315, 746, 1040
t676=1187, 675, 561, 416, 220
t677=705, 248, 1172, 868, 332, 341, 753, 616
t678=1205, 342, 908, 656
t679=860, 268, 634
t680=1211, 355, 833
t681=456, 1083, 392
t682=4
t683=420, 361
t684=1042, 729, 620, 1010, 1207
t685=759, 459, 983, 620
t686=359, 889, 1109, 1079, 1192, 944
t687=1066, 519, 932
t688=315, 281, 581, 342, 721, 569, 1147
t689=267, 774
t690=812, 1067, 1086, 993, 455
t691=647, 903, 699, 1100
t692=1012, 599, 953, 537, 1186, 570, 726, 989
t693=615, 376, 1150, 872, 653, 532, 332, 565, 765, 873, 1104, 1076, 1195, 1021, 405, 1122, 1038, 548, 607, 1113, 997
t694=257, 550, 863, 331, 537, 725, 1094, 417, 1119, 193, 988, 645, 1049, 820, 435, 396, 808, 931, 547
t695=898, 811, 902, 925, 1001, 762, 1136, 722, 316, 298
t696=1052, 409, 1010, 82, 562, 266
t697=1065, 450, 512, 400
t698=458
t699=519, 1197, 1058, 938
t700=698, 1105, 1077, 260, 417, 740
t701=1176, 1123, 299, 1110, 883, 1003
t702=998
t703=623, 532
t704=910, 1053, 289
t705=755, 942, 952, 1052
t706=678, 663
t707=855, 1034
t708=141, 406, 939, 1098, 577
t709=962, 419
t710=79, 421
t711=547
t712=1124, 1045, 313
t713=888, 664, 570, 1219, 520
t714=703, 832, 909
t715=635
t716=383, 862, 1215, 418, 491
t717=950, 328, 533
t718=791, 891
t719=895, 304, 642, 459, 853, 531
t720=514, 1024
t721=639
t722=939, 438, 763, 1136, 1090, 1192
t723=963, 1012, 1108
t724=797, 1009, 13
t725=1156, 768
t726=797, 867, 263
t727=805, 1032, 361, 1145, 272, 349, 1090, 1066, 1064, 852, 384, 817
t728=601, 814
t729=883
t730=512, 454, 432
t731=994, 287
t732=1217, 484
t733=725, 1024, 452, 1137
t734=582, 530, 1021, 631, 375
t735=258
t736=339, 1086, 1070
t737=1036, 721, 488, 1133
t738=681, 813
t739=869, 1095
t740=1130, 398, 433, 211, 1010
t741=712, 267, 489
t742=1005, 560, 462, 761, 269
t743=1097, 898, 1032, 640, 444, 355
t744=248, 596, 636, 994
t745=924
t746=1220, 794, 639, 637
t747=1067, 786
t748=977, 554, 692
t749=699, 485, 625, 1042, 516, 997, 848, 898, 304, 614, 952, 960, 472, 791
t750=349, 845
t751=589, 1018, 571, 176, 1172, 1003
t752=471, 640
t753=236, 203, 784
t754=739, 737
t755=1222, 662, 863, 111, 822, 315
t756=338, 1110
t757=667, 1039, 1153, 382, 172, 964
t758=346, 778
t759=831, 930
t760=1148, 322, 356, 762, 473, 109, 823, 1092
t761=124, 1162, 949
t762=338, 757
t763=1026, 275
t764=469
t765=351, 560, 763
t766=914, 576, 819, 609, 864
t767=632, 382, 724
t768=514, 1066
t769=478, 953
t770=930
t771=806, 270
t772=645, 196
t773=616, 610, 1070
t774=836, 1197
t775=1095, 529, 482
t776=990, 1048, 390
t777=1145, 444, 497, 962, 867, 322
t778=1122, 497, 534, 1075
t779=289, 784, 281
t780=525, 301, 546
t781=652, 751
t782=943, 657
t783=273
t784=814
t785=293, 1069, 899, 384
t786=256, 1198, 433
t787=1002, 537, 917, 483
t788=1144, 469
t789=1151, 577
t790=779, 865, 1035, 1040, 672, 382
t791=867, 1032
t792=564, 132, 835, 938, 399
t793=982, 717, 1038
t794=345, 1058
t795=1182, 509, 1002
t796=1104
t797=672, 1009, 1003, 854, 817, 953
t798=1145
t799=841, 682, 355, 1187, 1222
t800=481, 403, 405
t801=871, 766, 398
t802=592, 707
t803=1026, 938, 826, 1097, 592, 313, 391
t804=1106, 383
t805=1155, 1087, 1175, 512, 1176
t806=543, 1017, 453
t807=657, 502, 256
t808=1067
t809=1032, 552
t810=1097, 754
t811=553
t812=1218, 750, 513, 925, 283, 926, 1030, 1204
t813=1196, 559
t814=433, 770
t815=775, 1206
t816=444, 328, 912, 246, 887, 188
t817=1172, 455, 710
t818=1039, 794, 933
t819=987
t820=284, 1061, 652, 850, 557, 250, 454, 289, 1140, 695
t821=540, 594, 315
t822=421, 339
t823=574, 607
t824=786, 968
t825=732, 1024, 275
t826=372, 469
t827=688, 1187, 5, 372
t828=93, 805, 598, 1192, 1002, 95, 712
t829=480, 411, 1144, 878, 651, 603
t830=707
t831=596, 691
t832=1180, 1227, 629
t833=1187, 810, 256, 1079, 651
t834=968, 915, 901, 488, 285, 567, 621
t835=1078, 733, 536, 348, 699, 743, 640
t836=978, 698
t837=606, 1191
t838=278, 807
t839=720, 360
t840=219, 422
t841=1100
t842=484, 43
t843=278, 626, 960
t844=610, 1192, 958, 1169
t845=897
t846=331, 330
t847=361, 286
t848=521, 809
t849=850, 1125
t850=752
t851=686, 590, 431, 878, 623
t852=1097, 1081, 341, 253, 546, 295, 1179, 973, 500, 45
t853=1117, 993, 552, 706
t854=680, 1016
t855=399, 15
t856=405, 987, 285, 116, 916, 558, 411, 515, 1192
t857=772, 427, 1053
t858=850, 697
t859=678, 464
t860=896, 395
t861=650, 861
t862=1116, 946
t863=571, 1125, 406, 1061
t864=274, 1196
t865=632, 548
t866=889, 567, 288, 294, 632
t867=660, 1144, 511
t868=387, 612, 416
t869=1207, 1085
t870=297
t871=670
t872=314, 860, 455, 547, 397
t873=757, 814, 681, 705
t874=1006
t875=125
t876=801, 355, 1083
t877=577, 372, 362
t878=479, 409, 1125, 277
t879=104, 997, 952, 432, 933, 1102, 563
t880=1157
t881=1185, 1065, 758, 461, 512, 1085, 1082
t882=275, 1039
t883=450, 414, 975, 1067, 545, 522, 468, 416, 600
t884=875, 636
t885=507, 1007, 862, 840, 374, 723, 907
t886=298, 486, 1181, 464
t887=585, 974, 1048, 887
t888=739, 974, 469, 1192, 340, 902
t889=1163, 785, 371, 559
t890=1121, 514
t891=1118, 361, 965
t892=878
t893=1024, 350, 687, 455, 370, 1002, 972
t894=550, 383, 995
t895=269, 1053, 583, 302, 740, 415, 189
t896=1065, 486
t897=1024
t898=1164, 326, 1156
t899=510
t900=989, 590
t901=399, 509, 804, 519, 669
t902=512, 518
t903=636, 502
t904=655, 837, 1033, 1205, 612, 1209, 641, 1011
t905=1060, 1098, 983, 1151, 654, 1155, 1187, 1164, 869, 1104, 1111
t906=809, 381, 441, 450
t907=1099, 990, 748, 1046, 704, 613, 436, 484
t908=593, 873
t909=1226, 407
t910=1116, 355, 53, 803, 912
t911=802, 897, 998
t912=991, 279, 380, 1118, 560, 486, 319
t913=1124, 483, 1066, 33, 720
t914=993, 1053
t915=867, 1102
t916=662
t917=527
t918=798, 1043, 1219
t919=617, 360
t920=569, 426, 628
t921=839
t922=152
t923=313, 671, 1168
t924=1236, 298, 296
t925=1040, 1056, 316, 1222, 435
t926=654, 418, 1056, 1098
t927=445, 575
t928=512, 788
t929=422, 397
t930=594, 633
t931=469, 1134, 519, 974
t932=987, 369
t933=136, 458, 1236
t934=429, 276, 191, 1095, 842
t935=1233, 715, 405, 253, 946, 408, 514, 736, 640, 611
t936=985, 443, 275, 700
t937=486, 921
t938=721, 1149, 183, 1058, 985, 706, 403, 546, 1057, 405
t939=267, 973, 1121, 714, 848, 575, 856, 340, 576, 1029, 1031, 632
t940=272
t941=676, 902, 310, 1184
t942=1082, 967
t943=593, 892
t944=849
t945=710, 679, 523, 803, 575, 888, 504, 841, 1040
t946=775, 1209
t947=632, 747
t948=299, 1054, 269, 799, 994, 1112, 700, 793, 86, 473, 1192, 757
t949=1001, 657
t950=402, 266, 321, 1112, 435, 234, 785, 952, 563, 1114
t951=626, 850
t952=379, 1093
t953=445, 553, 601
t954=1018, 46, 304, 1068, 78
t955=410, 384
t956=968, 162, 910, 970
t957=758, 808, 918, 1152, 937, 1084
t958=546, 1066, 437, 444, 512, 278, 990, 747
t959=327, 442, 292, 1218
t960=891, 739, 496, 683, 476
t961=852, 813, 653, 973, 1187
t962=1083, 949, 292, 730, 613, 1040, 497, 442
t963=140, 632
t964=739, 1189, 347, 564, 1222, 990, 356
t965=594
t966=939, 1067
t967=779, 580, 1031, 981
t968=85, 464, 1046, 917, 600, 510, 898
t969=439, 632, 934, 255
t970=877, 343
t971=1146, 943
t972=679, 969, 929, 475
t973=974, 562
t974=664, 995, 1187, 694, 594, 1024, 925, 409, 948, 848
t975=1204, 932, 962, 633
t976=673, 622, 457
t977=831, 224
t978=1053
t979=688, 613
t980=1051, 728
t981=1023, 672, 792, 744, 1105, 626, 1229, 739, 944
t982=181, 577, 1042, 873, 697, 630, 602, 307
t983=359, 393, 253, 1216, 478
t984=1127, 444, 856, 55, 358
t985=1000, 401, 992, 455, 761, 431, 557, 648
t986=691, 591, 251, 223, 1234, 808
t987=602, 981, 806, 309, 1026
t988=186, 312, 1017
t989=1035, 1121, 290
t990=382, 627
t991=607, 317
t992=264, 431, 670
t993=498, 851
t994=210, 875, 672, 676
t995=1198, 1211, 897, 422, 1065
t996=643, 269, 1166
t997=909, 863, 1073
t998=839, 561, 135, 1064, 348
t999=253, 867
t1000=408
t1001=724, 746
t1002=419, 996, 658, 1011
t1003=291, 581, 1155
t1004=404, 282, 562
t1005=605, 255, 671
t1006=332, 1086, 144, 212
t1007=1184, 298, 356, 770, 994, 493, 607
t1008=333, 117
t1009=1096, 911, 1039, 397, 1045, 279, 1024
t1010=845, 582, 590, 840
t1011=916, 275, 478, 1006
t1012=836, 761
t1013=555, 645
t1014=530, 432, 532, 284, 824, 451, 780, 385
t1015=1125, 558
t1016=974, 883, 483, 1143, 269, 643
t1017=1088, 863, 128, 626
t1018=898, 513, 897
t1019=699, 685, 380
t1020=1192, 270, 702, 1221, 590, 975, 635
t1021=1125, 1127
t1022=469, 616, 1002, 618, 477, 385, 283, 423, 754, 1060
t1023=973, 625, 1140, 503, 650, 404
t1024=402, 1086, 609, 1061
t1025=1168, 1060, 665, 966
t1026=163, 624, 872, 477
t1027=1135, 883, 879, 1223, 654, 374, 517, 974
t1028=476, 362, 858
t1029=1050, 578, 546
t1030=1175, 1016, 145
t1031=36
t1032=595, 1086
t1033=910, 518, 850, 477
t1034=504, 506, 465, 108, 296
t1035=1228, 793, 1154
t1036=1132, 445, 752, 1006, 936, 612, 483
t1037=1199, 464, 552
t1038=775
t1039=1001, 888
t1040=405, 941, 1087, 998
t1041=701, 780, 348
t1042=630, 959, 469
t1043=1188, 583, 1176
t1044=295, 1216, 1237, 854, 336
t1045=840, 1130, 381, 553, 590, 478, 637, 939, 801, 209
t1046=846
t1047=585, 868
t1048=69, 836
t1049=695
t1050=1051, 476, 1034, 840, 949, 286, 382, 560, 836, 39, 888, 612, 510
t1051=935, 536
t1052=461
t1053=839, 844, 312, 989
t1054=833
t1055=1176, 912, 420, 958, 1051, 889, 254, 14, 808, 769
t1056=921, 882
t1057=825, 486, 957, 974
t1058=296
t1059=285, 273, 1064, 1038, 759, 642, 744
t1060=940, 1081, 70, 1100
t1061=230, 484
t1062=347, 1075, 272, 645
t1063=257, 306, 1179, 916, 1064, 457
t1064=958, 967, 766, 882, 1019, 1215, 597, 1040, 473
t1065=830, 1098
t1066=1157, 1166, 255
t1067=785
t1068=418, 1204, 864
t1069=1094, 490, 500, 363, 296, 990, 463, 911, 391, 984, 593, 667, 923
t1070=883, 27, 1210, 734, 663, 715, 843, 689
t1071=423, 817
t1072=541, 326, 713, 665, 486
t1073=734, 572, 296
t1074=1155, 1112, 660, 483
t1075=754, 1089, 949, 467, 1029
t1076=986, 391
t1077=1104, 732
t1078=801
t1079=588
t1080=1063, 522, 298, 160
t1081=328, 322, 1083
t1082=593, 953, 460
t1083=1017, 1198
t1084=506, 780
t1085=102, 866, 585, 57, 1011
t1086=768, 1120
t1087=875, 718
t1088=1090, 422
t1089=746, 860
t1090=982
t1091=435, 550, 847
t1092=817, 632
t1093=935, 296, 142
t1094=952, 257, 279, 1161
t1095=289, 687, 278
t1096=1211
t1097=837, 1061, 1054, 830, 632
t1098=310, 872
t1099=292, 375
t1100=586
t1101=720, 1144
t1102=739, 661, 1205
t1103=497, 683
t1104=738
t1105=1111, 87
t1106=978, 561, 273, 577
t1107=445
t1108=418, 923, 382
t1109=187, 568, 409, 1044
t1110=44, 1012, 702
t1111=99
t1112=1161
t1113=543, 598, 764, 967
t1114=1157, 543, 1003, 861
t1115=257, 1220, 926
t1116=278, 190
t1117=358, 605, 795
t1118=604, 846, 618, 794, 694, 495
t1119=468, 463, 752
t1120=564, 1116, 503, 926
t1121=887, 640, 1072, 677
t1122=827
t1123=288, 1106
t1124=1207
t1125=403, 1134, 808, 1088
t1126=26, 512, 570
t1127=19
t1128=852, 1073, 1130
t1129=293, 897
t1130=545, 889
t1131=1228, 1216
t1132=1140, 605, 337, 64
t1133=587, 555, 558, 1047, 1038
t1134=655, 549, 1046, 422
t1135=450, 309, 273
t1136=825
t1137=647
t1138=465, 8
t1139=487, 1174, 929, 614, 257
t1140=809
t1141=536
t1142=683, 1158, 608, 137
t1143=290, 1203
t1144=1096
t1145=778, 1216, 898, 717, 282, 238, 1015, 953
t1146=522
t1147=547, 645, 966, 1214, 1003, 1195
t1148=476, 594, 526
t1149=1007
t1150=539
t1151=714, 547
t1152=859, 299
t1153=348, 425, 481
t1154=951
t1155=486
t1156=615, 649, 866, 1153, 836, 952
t1157=760, 982, 295, 1133, 1090, 360, 518, 626, 928
t1158=863, 775, 895, 666, 312, 1017, 1081, 511
t1159=959, 382
t1160=992, 38
t1161=609, 864
t1162=297
t1163=887
t1164=1047, 461, 861, 35
t1165=420, 1192
t1166=442, 1124
t1167=815
t1168=656, 1131, 639, 883
t1169=426, 88, 171
t1170=1109, 611, 795, 725, 887, 296, 304, 633, 813, 821
t1171=582, 672, 195
t1172=305, 308, 1143, 646, 394, 1125, 1193
t1173=1208, 888, 1047, 416, 619, 848, 993
t1174=974, 839
t1175=296, 775
t1176=1025, 621, 480, 612
t1177=522, 370, 1008, 961
t1178=511, 1213, 895, 1085, 604
t1179=994
t1180=1235
t1181=1025, 1018, 621
t1182=795, 607, 798, 449, 973, 486, 627, 799
t1183=671, 977, 728, 471, 1102, 811, 1169, 1140, 485, 89, 387
t1184=1229, 308, 1190
t1185=505, 787
t1186=954, 736, 400, 278, 1058, 1046, 1025, 635
t1187=1221, 517, 1045, 934, 410
t1188=602, 757, 907
t1189=428
t1190=1141, 767, 413, 1222
t1191=1097, 451, 762
t1192=1034, 397
t1193=866, 403, 960
t1194=706, 963, 968
t1195=848, 615
t1196=1212
t1197=1172, 469
t1198=572, 904, 1157, 624
t1199=747, 1125, 474, 1157, 656
t1200=504, 791, 204, 990, 658, 842
t1201=1173, 369, 314, 1103, 645, 1223, 818, 880
t1202=1169, 611, 644, 975, 626
t1203=779, 1105, 115, 581, 498
t1204=668, 1058
t1205=1081, 878, 881
t1206=311, 708
t1207=746, 634, 1040, 1082
t1208=1033
t1209=706
t1210=1060, 1058, 531
t1211=512, 484, 538
t1212=863, 1152, 925
t1213=654, 494, 868, 1170, 421
t1214=1032, 500, 958, 1121, 432
t1215=1192, 965
t1216=996, 227, 609, 400, 148
t1217=1055, 934, 822, 294, 427
t1218=431
t1219=499, 1215, 860, 397
t1220=373, 1166, 1000, 640, 467, 470, 930, 982, 790, 659, 80, 276, 471, 1055, 558, 1106, 783
t1221=242, 619, 609
t1222=994, 860, 260
t1223=500, 337
t1224=1218
t1225=299, 1004
t1226=820
t1227=487, 500
t1228=312
t1229=7, 1169, 1100, 553, 1056, 635, 609, 651, 1139, 986
t1230=810, 1202, 429, 1225
t1231=437, 627, 947, 833
t1232=617, 536
t1233=435, 442
t1234=741, 1181, 605, 410
t1235=60, 283, 963, 1045, 364, 748, 1203, 1214
t1236=718, 641, 1207, 465, 692, 1188, 454, 1072, 492, 831, 829, 1162, 788, 568
t1237=1015, 831
t1238=3, 308
t1239=569, 405
t1240=715, 1207, 1228
t1241=512, 834, 1198
t1242=1159, 752, 883, 863
t1243=969
t1244=402
t1245=366, 858
t1246=348, 1010, 168, 723
t1247=323, 891, 420
t1248=787
t1249=328, 837, 919
t1250=458, 484, 569, 769
t1251=626, 405, 18, 599, 300
t1252=1047
t1253=1022, 310
t1254=325, 858
t1255=1158, 1173
t1256=859, 917, 1110, 624, 332, 1144
t1257=874, 52, 471, 349, 1071, 343
t1258=512
t1259=1165, 380
t1260=761
t1261=612, 1012, 792, 299, 709
t1262=1101, 388
t1263=164, 871
t1264=1148, 287
t1265=497
t1266=888
t1267=297, 1114, 873, 767
t1268=1024, 594, 726
t1269=348, 714, 253, 875, 1023
t1270=993, 416, 582, 258, 390, 1001
t1271=580, 1150, 626, 773
t1272=1222, 1195
t1273=810, 1093, 500, 1051, 977, 1044, 551, 61
t1274=865, 691
t1275=801, 535
t1276=1188, 320
t1277=1131, 460, 927, 447, 730, 1013, 323
t1278=874, 121, 1200, 293, 1025
t1279=814, 349
t1280=197
t1281=762, 692
t1282=762
t1283=501, 1188
t1284=522, 866, 365, 1106
t1285=494, 974, 556, 615
t1286=1232, 1086, 987, 278, 454, 1194, 1066, 380, 608, 505, 1222
t1287=1215, 479
t1288=472, 1033
t1289=514, 621, 290, 1198, 388, 432
t1290=255, 707, 1226, 393, 1057
t1291=804, 1014, 1124
t1292=724, 1125, 1237, 1209, 1173, 1092
t1293=268, 486, 751, 495
t1294=885, 910, 849, 435
t1295=588, 574, 304, 727
t1296=1091, 654, 646
t1297=332, 337, 668, 445, 696, 621, 565
t1298=838
t1299=535, 532
t1300=292, 84
t1301=753, 669
t1302=522, 410, 591
t1303=1094, 611
t1304=1069, 573, 589, 692, 918, 694, 847, 325, 801
t1305=347, 96
t1306=1049, 627, 1059, 1233, 839, 650, 716, 637, 752, 1230
t1307=761, 640, 771, 362, 286, 392, 655
t1308=962, 623, 540
t1309=803, 699, 1157
t1310=300, 492
t1311=1154, 907
t1312=1222, 552, 1206, 284, 895, 451, 649
t1313=594, 1118, 1106, 522, 1020, 292, 298
t1314=1047
t1315=581, 413, 766
t1316=757
t1317=336, 291
t1318=771, 737
t1319=273
t1320=330, 771, 1226, 770, 489
t1321=336, 129
t1322=652, 715
t1323=853, 861, 505
t1324=496
t1325=1139
t1326=558, 105, 1087, 1106, 960, 938, 753, 617
t1327=973
t1328=977
t1329=773, 266
t1330=871
t1331=573, 1094
t1332=654, 404, 1222, 491
t1333=1025
t1334=598, 493, 206, 983
t1335=589, 602, 1165, 360, 569
t1336=1206, 955
t1337=1192
t1338=888, 1168, 974, 508, 478, 500, 1054
t1339=702, 469
t1340=751, 1158, 1185, 1073, 880, 304, 1176, 1194
t1341=893, 937
t1342=472, 1008, 372, 974, 302
t1343=1066
t1344=688, 526, 310, 513, 768
t1345=1002, 799, 695, 1158, 299
t1346=269, 1003, 1137
t1347=711, 1138, 462
t1348=700, 485
t1349=417, 719, 434, 846
t1350=1060, 1001
t1351=114, 1216, 586, 1234, 180
t1352=939, 591, 540, 297, 1169
t1353=1016, 668
t1354=621, 822, 877
t1355=316
t1356=267
t1357=626, 1086
t1358=1178, 806
t1359=532, 1028
t1360=1139, 573
t1361=749, 807, 507, 486, 476, 366, 1017
t1362=701, 893
t1363=1156, 1104, 863
t1364=62, 460, 383, 1128, 684, 709
t1365=571, 1126, 768, 759, 1012, 1224, 688
t1366=296, 519
t1367=936, 858, 239, 578
t1368=817, 1197, 1019, 1152, 1132, 24
t1369=253
t1370=792, 804
t1371=556, 290
t1372=275, 315, 580, 930, 382, 638, 536
t1373=282, 626, 329, 1192
t1374=337, 1117
t1375=705
t1376=1222
t1377=855
t1378=1067, 586, 1073, 215, 661, 812, 579, 994
t1379=436, 1116, 545
t1380=859, 405, 1030, 445, 1223, 895
t1381=464, 491
t1382=1024, 409, 563, 834, 823, 1073, 869, 257, 1111
t1383=1038
t1384=1001, 756, 335, 707, 758, 547, 237, 536, 257, 334, 278, 874, 1023
t1385=910, 750, 840, 276, 2
t1386=845, 504, 427, 398, 714
t1387=654
t1388=672, 1003
t1389=1017, 1197, 621, 735, 276, 1186, 1060
t1390=538, 289
t1391=895, 684
t1392=387, 716, 248
t1393=1083, 707, 1081
t1394=747, 592
t1395=1215, 1003, 1064
t1396=320, 640, 859
t1397=345, 91
t1398=656, 540, 514
t1399=808
t1400=1003, 739
t1401=403, 547, 329
t1402=1187, 699, 600, 213, 1181, 1079, 526, 382, 244, 754
t1403=106
t1404=707, 260
t1405=361, 1046
t1406=887, 935, 59
t1407=1213, 531
t1408=508, 637, 453, 924
t1409=367, 686
t1410=843, 870, 325
t1411=533, 624, 463
t1412=265
t1413=418, 369, 1140, 635, 569
t1414=412, 688
t1415=414, 376, 746, 66
t1416=1043, 838
t1417=422, 532, 1198, 1003
t1418=653, 776
t1419=318, 1069
t1420=931, 1106
t1421=822
t1422=355
t1423=1058, 649
t1424=511, 885
t1425=272, 1072
t1426=153, 423, 593
t1427=611, 503, 725
t1428=872, 961, 794, 599, 632, 969
t1429=657, 962, 382
t1430=264, 850, 907, 1141, 339, 1201, 1024
t1431=327, 1040, 1056, 1007, 702
t1432=290, 463, 636, 756, 1068
t1433=762, 503
t1434=421, 787, 283, 706
t1435=1010, 464, 1014, 835, 823, 860, 711, 601
t1436=798, 1085
t1437=801, 528, 616, 786, 971, 621, 1061, 539, 792
t1438=878, 265
t1439=192
t1440=372, 607, 625, 1208, 470, 769, 1220, 396, 202
t1441=1045, 652, 29
t1442=311, 308, 499, 63, 768, 650, 1025, 632, 996
t1443=451, 739
t1444=569, 975
t1445=474, 535, 1045
t1446=559, 1151
t1447=997
t1448=643, 533, 901, 837, 922, 976, 363, 406, 645, 384
t1449=1214, 821
t1450=1025, 625, 488, 922
t1451=1071, 357
t1452=574, 672
t1453=578
t1454=1133, 701, 1189
t1455=1210
t1456=710, 650, 896, 400
t1457=817
t1458=608, 472, 1077, 720, 367
t1459=370, 1143, 539, 1019, 1157, 509
t1460=566, 823, 1106, 478
t1461=445, 1008, 926, 762
t1462=484, 1111, 321
t1463=1141, 949, 825, 1041, 508
t1464=973
t1465=712, 378, 1222, 228, 1216, 1236, 361, 576, 980
t1466=1064, 272, 414, 658
t1467=647, 700
