totalreqs = 1237
totaltest = 1467
//------------------------------------//
// Test Case Versus Requirements Maps //
//------------------------------------//
t1=1035
t2=663, 329, 991
t3=408
t4=515, 413, 857, 1233
t5=794
t6=529, 473
t7=1090
t8=340
t9=432, 758, 714
t10=633, 450, 252, 1126, 1206, 611
t11=301, 597, 701, 818
t12=927, 839, 894
t13=128, 479, 260, 691
t14=437
t15=792
t16=1081
t17=510, 17
t18=1172, 256
t19=266, 1074
t20=709, 1139, 596
t21=1139, 481, 628, 442, 884, 638, 61, 734, 211, 255, 846, 567, 432
t22=274, 418, 768
t23=378, 875, 437, 354
t24=1156
t25=207, 337, 485, 795
t26=471, 662, 441
t27=276, 1006
t28=413, 665
t29=756, 761
t30=445, 186
t31=1109, 732, 233, 1072
t32=1041, 897
t33=732, 1012, 875, 300, 307
t34=1232
t35=1166, 146, 1084, 1213, 522
t36=377
t37=722, 835, 1032, 963, 1223, 781, 312, 888
t38=693, 1208, 445, 668
t39=257, 654, 456, 805, 820, 1223, 522
t40=1057, 695, 668
t41=743, 312, 1122
t42=345, 600
t43=1081, 617, 389, 307
t44=1131, 969, 874, 702, 1213, 922, 1109, 413, 1142, 999
t45=250, 896
t46=501, 279, 196
t47=1104, 1036
t48=487, 418, 518, 611, 585
t49=876, 463, 878, 279, 913
t50=586, 459, 580, 398, 720, 570, 469
t51=1212, 925
t52=621, 613
t53=364, 1109
t54=596, 488, 732, 1114
t55=1032, 1067, 1210, 488, 386, 608
t56=1123, 810, 1063
t57=957, 1006, 958
t58=304
t59=1086, 1228, 474, 316, 254, 559
t60=737, 578, 464
t61=776, 1215
t62=469, 909, 617, 258
t63=195, 966, 931, 738
t64=464, 786, 990
t65=808, 904, 1155, 515, 538, 289
t66=516, 450, 539, 750, 758, 515
t67=396, 528, 942
t68=327, 772, 549, 250, 1174
t69=6
t70=495, 1100
t71=917, 892, 646, 275, 758, 262, 964, 1016, 1085, 693
t72=645, 384, 656
t73=534, 828, 769, 579, 845, 963, 1134, 177, 493, 904, 1209, 926, 1005
t74=1167, 499, 883, 378, 224, 994, 1025
t75=830, 725
t76=563, 1235, 699, 1216
t77=825, 259
t78=508, 699, 849, 430, 987, 799, 794, 630
t79=1075, 829, 797
t80=957, 867, 1032
t81=640, 854
t82=242, 895, 952, 915
t83=1134, 345, 771, 1154, 1208, 918
t84=1056, 743
t85=534, 510, 554, 1032, 1182, 635, 456, 1208, 519, 363
t86=969, 456, 320, 373
t87=292, 391, 992
t88=624, 952, 1093, 507
t89=909, 619, 138
t90=291
t91=1031, 1127, 1147, 1140, 573, 829, 318, 527
t92=601
t93=752, 610
t94=335, 1044, 893, 871, 642, 1011, 914
t95=116, 893, 318
t96=819, 1120
t97=1000, 1124, 403, 1016
t98=796, 1211, 582, 507
t99=968
t100=1219, 428
t101=651, 1237, 1146
t102=962, 661, 558, 987
t103=51, 1083, 318, 650
t104=793, 633, 602, 516, 476, 453, 75, 887
t105=521, 1002, 369, 522, 1235, 526, 487
t106=380
t107=833, 531, 658, 828, 751
t108=680
t109=1001, 939, 735, 276, 770, 616, 898, 565, 1187, 932, 388
t110=834, 1117
t111=856, 697
t112=849, 318, 353, 665
t113=1097, 783, 757
t114=1136, 597, 368, 662, 1232, 322, 298, 946, 351, 1129, 628
t115=838, 78, 425, 646, 1199, 300, 1189, 1235
t116=616, 107
t117=777
t118=492, 682, 972
t119=808, 279, 1234
t120=942, 501, 488, 353
t121=631
t122=1119, 296, 606, 521, 1186, 615
t123=546
t124=414, 1109, 753, 1054, 377, 1218, 630, 1094
t125=1181, 1156
t126=737, 1054, 487, 383, 337
t127=193
t128=626, 833
t129=817, 558, 477
t130=838
t131=381, 675
t132=1077, 890, 710
t133=324, 737, 1085, 526, 348, 510, 534, 918, 505, 483
t134=909, 684, 719, 297, 844, 709, 1115
t135=846
t136=204, 279, 1127
t137=935, 578
t138=1191, 1231
t139=480, 255, 1213, 612, 785, 969, 364, 333, 426
t140=135
t141=1056, 201
t142=291, 1233, 845, 802, 817, 1148
t143=683, 911, 927, 1140
t144=466, 775
t145=563, 860, 1111, 1045, 898, 737, 1237, 1064, 569, 202, 700, 783, 82
t146=1178
t147=230, 885, 423, 581, 845, 157, 117, 936, 990
t148=763, 1024
t149=987, 568, 1149, 715
t150=1191, 102, 603, 1132, 462, 390, 635
t151=491, 721
t152=597, 189, 880, 1196, 557, 757
t153=685, 261, 1109
t154=1111
t155=832, 708, 995
t156=1085, 763
t157=628, 1002
t158=413, 1202, 940
t159=1056, 257, 773
t160=392, 469, 871, 1234, 651, 894, 879, 354, 378, 1115
t161=371, 899, 461, 1069
t162=412, 900, 585
t163=565, 795, 459
t164=249, 346
t165=687, 769, 604
t166=973, 745, 1217
t167=738, 1192, 326
t168=420, 422, 940, 945, 490, 408
t169=646, 1059, 763, 595, 461, 468
t170=760, 909
t171=628, 1154, 785, 185
t172=988, 1111
t173=809, 740, 653, 613, 1175, 260
t174=1216, 548, 323
t175=924, 543, 915, 1154, 973
t176=327
t177=900, 774, 1000
t178=847
t179=1000, 942, 972, 402
t180=1077
t181=518, 597, 465, 279, 960, 728
t182=1197, 735
t183=955, 701, 1226
t184=1159, 754, 582, 758
t185=256
t186=641, 667
t187=705
t188=794, 616, 449, 373, 646, 543, 469, 942, 1213, 1190, 1124
t189=526, 446
t190=282
t191=1202, 1209, 1078, 604, 1018, 414, 780, 495, 1206, 1081, 896, 843, 491, 1226
t192=283
t193=697, 963, 399
t194=737, 1202, 788, 816
t195=474, 1211, 625, 1217, 693, 735, 859
t196=870, 661
t197=422, 1059
t198=525, 638, 584
t199=480, 402, 710, 770, 512
t200=799, 232, 709, 1060, 653
t201=499, 655, 578, 762, 646, 344, 996
t202=1028, 701, 894, 700
t203=613, 1237, 577
t204=819, 1058
t205=582, 1023
t206=970, 832, 987, 12, 906, 529
t207=1134
t208=432
t209=1154, 609, 731, 200, 454, 695, 1081, 538, 1065
t210=484, 906, 1119
t211=1124, 1044, 567
t212=819, 1035, 824, 627, 798
t213=1187, 685, 908, 1078, 625
t214=293, 831, 575, 705
t215=1090
t216=857, 881, 812, 834, 923, 1013, 364
t217=1094, 820, 710
t218=724, 761, 1097, 543, 570
t219=319, 543
t220=1107, 476, 287, 1065, 372
t221=607, 1037, 499, 597
t222=1182, 909, 1132, 901, 490, 649
t223=937
t224=1081, 1062, 484, 864, 785, 637, 634
t225=252, 849, 1151, 899, 105
t226=93, 740, 385, 426
t227=542, 981, 357, 551
t228=1102, 1143, 763, 510, 828, 1141, 1022, 143, 776, 1054, 1010, 1164, 896, 438
t229=1069, 1092, 324, 1051, 1085, 317, 614, 620
t230=1166, 125
t231=1236, 919, 478, 699
t232=461, 757
t233=485, 645
t234=1003
t235=522, 707
t236=753, 1134
t237=1050, 1069
t238=1161, 974, 502, 1045
t239=613, 838, 271, 954
t240=315, 984
t241=719, 597, 642, 626, 977
t242=388, 553, 1091, 505, 1064
t243=595, 509, 286, 499
t244=723, 323, 279, 1237, 949, 625, 1168
t245=1064
t246=608, 685, 632, 699, 491, 771, 642, 783
t247=281, 959, 943, 988, 1135, 1085
t248=1229
t249=716, 715, 1057, 510
t250=256, 111, 605
t251=1056, 506, 1189, 680, 984, 587, 498
t252=857, 676, 1021, 319
t253=642, 498
t254=1069, 452
t255=491, 1062, 76
t256=58, 1018, 847, 166
t257=498, 740
t258=1201, 480
t259=457, 918
t260=517, 921, 1228, 1189, 953
t261=570, 879, 262, 987
t262=310, 1097, 59, 577, 1141, 849, 1184
t263=344, 1123
t264=1037
t265=456, 848, 338, 536, 600, 402, 727
t266=1013, 591, 619, 1045, 773
t267=1012, 819, 489, 1157
t268=1015
t269=359, 485, 1066, 279
t270=57, 372, 980, 694, 530
t271=829
t272=1013, 269, 940, 1184, 821
t273=1072, 491, 479
t274=599, 1154, 551, 517, 231, 1167, 422, 1030, 1123, 1076
t275=1208, 739, 383
t276=1213, 982
t277=981, 1213, 1088, 1223, 1002, 943, 88
t278=266, 1078, 340, 743, 257, 619, 1019
t279=409, 1032, 266, 449
t280=554, 676, 439
t281=510, 416, 285, 529, 1077, 743
t282=888, 1097, 439
t283=502, 1210, 577, 1194, 1010
t284=428
t285=1226, 331, 1189, 744, 964
t286=1129, 611
t287=687, 1168
t288=781, 904
t289=277, 1182, 909, 1134, 1027
t290=1065, 657
t291=459, 162
t292=923
t293=463, 1190, 454
t294=795
t295=678, 259
t296=537, 471, 680, 370, 291, 582, 432
t297=257, 343, 156, 541
t298=7, 123, 828, 903, 252
t299=682, 330, 984, 747, 970, 613, 432, 1069, 932, 931
t300=1059, 1007
t301=430, 261, 685, 795
t302=503, 1204
t303=181, 435
t304=611
t305=1069, 626
t306=1105
t307=293, 266, 867, 1229, 1169
t308=770, 380, 455, 1077, 964, 1182, 882
t309=469, 428
t310=1158, 421, 339
t311=556, 1085
t312=1040, 402, 1215, 448, 436, 790
t313=552, 501, 85, 518
t314=1086, 656
t315=914, 1106
t316=684, 770
t317=1068, 811
t318=428, 866, 1060, 518, 173, 1133
t319=1157, 229, 425
t320=930, 633
t321=434, 1125
t322=284
t323=996, 977, 933
t324=717, 531, 632
t325=300, 1127, 801, 952, 876
t326=1211, 277
t327=669, 1222
t328=463, 1056, 774, 700
t329=898
t330=1021
t331=662, 1121, 1059
t332=492, 841, 1237, 489, 965, 1074, 396, 928, 425, 602, 625
t333=1217, 840, 578
t334=215, 1075, 567, 763, 627, 1081, 793, 863, 614, 894, 1203, 1033, 947, 624, 373, 886
t335=86, 1013, 732, 961, 448, 829, 1166, 880
t336=402, 15
t337=1074, 887, 518, 330, 888, 452, 647, 872
t338=955, 705, 534, 469, 397, 386
t339=563
t340=1235, 991
t341=742, 721
t342=1075
t343=1183, 528, 351
t344=639
t345=1056, 566
t346=843, 573
t347=491, 598
t348=1005, 833, 907, 699, 1097, 1101
t349=908, 424
t350=11, 1021, 277
t351=774, 763, 406, 500, 334, 541, 1127, 966
t352=250, 610
t353=664, 819
t354=1004, 816, 604
t355=484, 1154, 732
t356=1086, 904
t357=83, 120, 634
t358=328, 19
t359=668, 1157, 349, 756
t360=270
t361=647, 859, 332
t362=842, 748, 587, 743, 1072, 20, 502, 440, 494
t363=1232, 412, 1096
t364=691, 975, 206, 1168
t365=659, 226
t366=1010, 669, 1016
t367=882, 1114, 228, 282, 469
t368=385, 628
t369=704
t370=1110, 1200, 906, 431
t371=90, 419
t372=961
t373=461, 481, 394, 285
t374=142, 134, 419, 935, 342, 674, 801, 665
t375=657
t376=878, 317, 816, 546
t377=1156, 659
t378=1006, 879
t379=567, 988
t380=390, 357, 1124, 504
t381=562, 155, 940, 518, 851
t382=824, 459, 1013
t383=1197, 742
t384=1144, 1227, 793, 925, 909, 436
t385=415, 810
t386=826, 352, 964
t387=539, 550, 1025, 613
t388=1147, 1236, 1032
t389=401, 1054, 641, 632, 260, 1172, 495, 1045, 298, 502, 1075
t390=1118, 970, 944, 351
t391=252, 536
t392=1228, 777
t393=813, 259
t394=1171, 439, 890
t395=930, 1103
t396=303, 900
t397=441
t398=617
t399=131, 838, 1053, 810
t400=778, 816, 1161
t401=511, 252, 728, 997
t402=1017, 23, 334
t403=1074, 954
t404=682
t405=972
t406=891
t407=1230, 658, 598, 941
t408=1179, 1214, 872
t409=681, 989
t410=575, 379
t411=1110, 911
t412=1228, 625, 503, 896, 785, 959
t413=726, 351, 824, 251, 910
t414=786
t415=1138, 1034, 547, 602, 455, 864, 876
t416=1020
t417=1095, 1004
t418=571, 1064
t419=1212, 526, 515, 506
t420=1056, 252
t421=505, 986, 737
t422=1047, 1110
t423=622, 820
t424=371, 352, 942
t425=219, 878
t426=977
t427=624, 399, 40, 404, 36
t428=1069, 256, 855
t429=601, 916, 613
t430=539, 262, 611
t431=413
t432=792, 744, 649, 1207, 1086, 290, 506, 585, 732, 571, 633, 1219, 1024
t433=758, 583, 299, 1143, 917, 717, 769
t434=737, 897, 1088, 896, 1173, 390, 682, 1021, 1230, 1035
t435=569, 170, 793, 391, 577, 587, 882, 501, 616
t436=1088, 253, 455, 1068, 332
t437=577
t438=509, 573, 531, 988, 716, 616
t439=833, 539
t440=1215, 799, 851, 636
t441=1235, 1051, 659
t442=1154, 898, 671, 1025
t443=163, 428, 895
t444=888, 1046, 610, 262, 690, 1170, 404, 598, 739, 251
t445=835, 550, 213, 706
t446=312, 816, 935, 307, 1109
t447=254, 270, 512
t448=726, 35, 359, 1068, 853
t449=537, 318
t450=676, 510, 1237, 492, 1071, 869, 1094
t451=1199, 527, 743, 510, 435, 1138, 409, 912
t452=323, 596, 1062
t453=1206
t454=307, 254
t455=710, 489, 1183, 961
t456=888, 8, 293, 421, 1105, 372
t457=659
t458=499, 780, 362, 504, 436
t459=1045
t460=1090, 608, 607, 267, 864, 748
t461=826, 515, 416, 778
t462=870, 945, 1177, 289
t463=430, 491
t464=615, 801, 1217, 449, 291
t465=408, 774, 565, 884, 837, 1185, 797
t466=29
t467=980, 555
t468=664, 824
t469=1177, 887
t470=1000, 1069, 824, 92, 547, 1146, 689, 354, 255, 628, 908, 858, 531, 827, 826, 936
t471=270, 639, 821, 253
t472=457, 623, 318, 1072, 824, 292
t473=1044, 167, 1072, 1016, 1032
t474=1077, 964, 970, 565
t475=527, 613, 1127, 588, 626, 887, 1110, 257
t476=1016, 410, 961, 373
t477=506, 1083, 1135, 210, 782
t478=1056, 778, 972, 878, 653, 611, 356, 1177, 912
t479=760, 564
t480=1180, 269, 1062, 465
t481=1007, 565, 826
t482=645, 248, 598, 1007, 558, 1009, 840, 358, 1013, 726
t483=367, 449, 1208
t484=632, 905, 386
t485=659, 906, 938, 370, 387, 26, 1041, 681, 1232, 1173
t486=644, 1143, 288
t487=393
t488=942
t489=1070, 773
t490=834, 683, 752, 1199, 1034, 396, 788, 816
t491=1223, 114, 816
t492=366, 1097, 1035
t493=1009, 442, 378
t494=1208, 1027, 862
t495=1217, 1186
t496=1198, 304, 861
t497=746
t498=281
t499=964, 492
t500=1236, 738
t501=1064, 935, 1164
t502=252, 318
t503=329
t504=286, 1123
t505=775, 858, 1079, 474
t506=803, 1019, 399, 1017, 791, 1200
t507=368, 474, 1171
t508=794, 808, 292
t509=293
t510=53, 709, 973
t511=466, 727, 1005, 622
t512=340, 541, 346, 1041
t513=1212
t514=685, 1092, 759, 819
t515=1187, 725, 1134, 548, 115, 1089, 692
t516=227, 707, 619, 696, 894
t517=1089, 868, 1001, 936, 695, 693, 502
t518=1200
t519=1154, 502, 901
t520=865, 884, 444, 1194, 350
t521=696
t522=906, 289
t523=1012, 798, 535
t524=937, 561, 497
t525=846, 1211, 517, 1026, 587, 518, 359
t526=1049, 1215, 1170, 1178
t527=413, 1041
t528=766, 481
t529=519
t530=1032, 1190, 1232, 521
t531=653
t532=779, 402, 917, 1020, 1086
t533=1045, 950, 309, 94, 779, 1043
t534=777, 790, 159, 122
t535=165
t536=341
t537=620, 1199
t538=1016, 1174
t539=1088, 1144, 533, 1008, 513
t540=296, 434, 756, 312
t541=391, 986, 1159, 819, 526, 1081
t542=650, 318, 923
t543=846, 272, 169
t544=431, 326, 1182, 472, 456, 322
t545=746
t546=1022, 756, 951
t547=407, 574, 808, 918, 65, 712, 936
t548=375, 1048
t549=643, 630, 352, 1003, 551, 1120, 1237, 1050
t550=993, 773
t551=503, 336, 939, 472, 653, 735, 56
t552=706, 626
t553=485, 815, 456
t554=521, 1078, 652
t555=737
t556=1085, 366, 1081
t557=326, 1155, 697
t558=822, 616, 27
t559=681, 248
t560=1058, 601, 640
t561=626, 1025, 344, 1202, 1048, 667
t562=914, 987, 927, 469, 1099
t563=685, 567, 828, 568, 369
t564=787, 395
t565=1133, 1232, 521, 574, 1088
t566=1000, 619, 544
t567=945, 1081
t568=607, 770, 1043
t569=1078, 696, 832
t570=407, 926
t571=549
t572=754, 889, 787, 937
t573=755
t574=1045, 426, 327, 817
t575=542, 647, 987, 931, 297, 1216, 990, 485
t576=926, 373
t577=597, 257, 1012, 1146, 516, 989
t578=614, 407
t579=39, 1078, 1009
t580=300, 699
t581=1101, 336
t582=1202, 878, 575, 613, 1135
t583=671
t584=843, 1009, 506, 672
t585=411, 1071
t586=484, 401, 839, 1166, 705, 252, 978, 351, 312
t587=1104
t588=797, 819, 503, 832, 260, 909, 538, 763, 933, 1218
t589=436, 876
t590=424, 365, 990
t591=531, 413, 480
t592=776, 964, 526
t593=373
t594=208, 1057
t595=664, 559
t596=579, 1134
t597=1139, 482
t598=943, 688
t599=682, 373, 995
t600=1188, 1068, 419
t601=863, 337
t602=531, 1149, 915
t603=1174, 1029
t604=1046, 365, 738, 579, 470
t605=676, 828
t606=1157
t607=888, 548, 1204
t608=307, 309, 876
t609=272, 1006
t610=1047, 699, 857, 805, 1216, 394, 1152, 428, 565, 862, 1122
t611=675, 278
t612=480, 95, 176, 603
t613=843
t614=769, 310, 796, 798, 475
t615=967, 527, 951
t616=675, 62, 964
t617=315, 668
t618=836, 1170, 1028, 713, 550
t619=443, 484
t620=1013, 792
t621=730, 906
t622=905, 1199
t623=851, 1012, 234, 1088, 1011, 451, 298, 538, 278
t624=695, 918
t625=1204, 355, 876, 943, 611, 319, 1008
t626=1237, 608, 356, 903, 512, 389, 602
t627=313
t628=498, 367, 836, 618, 607
t629=663, 1164, 903
t630=31, 1206, 1217
t631=545, 865, 616
t632=377
t633=1008, 557, 875, 1176, 97
t634=843, 989, 766, 927, 809, 150
t635=863, 906
t636=1200, 867
t637=987, 854, 668, 686, 1124, 316, 1020
t638=964, 929, 454, 688, 729
t639=235
t640=493, 816, 824
t641=1227
t642=509, 642
t643=849, 1185, 417, 601, 1017, 1049, 948, 1213, 1025, 628, 1237, 18, 587, 943, 390, 858, 970, 641, 366, 957
t644=1213, 802, 294
t645=919, 601, 945, 438, 1176, 409, 1065, 889
t646=22, 1201
t647=780, 1051, 306, 347, 813
t648=824, 264, 1001, 893, 1213, 406, 665
t649=1199, 619, 1222
t650=875
t651=497, 1145, 1042, 420, 1174
t652=420
t653=521, 784, 1012, 1107, 985, 551, 856
t654=1208
t655=495, 635, 744
t656=672
t657=898
t658=988, 1103, 665, 336
t659=825, 1154, 505, 716, 271, 816
t660=801, 737
t661=851, 597, 635, 370, 840
t662=330, 522
t663=1109, 945, 1194, 550
t664=624, 1082, 1025, 346
t665=436, 459
t666=695, 851, 182, 1031, 1218, 337, 944, 829
t667=890, 554
t668=298, 955, 493, 1043, 1076, 909, 779
t669=994, 505, 465
t670=239, 38, 1112, 850, 592, 643, 503, 1183, 515
t671=1084
t672=1100, 1026, 780
t673=1023, 943, 948, 291, 1132
t674=1188, 919, 961, 1041
t675=1202, 1154
t676=1210, 469, 668, 909
t677=1134, 918
t678=680, 787, 1014, 467, 800, 160, 1072, 865, 1035, 853, 685, 423
t679=823, 876, 621, 119, 430, 681, 635, 611, 489
t680=694, 1181
t681=568, 452, 567, 656
t682=1011, 974, 1024
t683=877, 538, 1162
t684=292
t685=993, 575
t686=861, 381
t687=653, 943, 745, 665
t688=632, 1048, 785
t689=386, 793, 1175, 425
t690=549, 871
t691=1164, 956
t692=648, 1188, 899
t693=652
t694=608
t695=1043, 914, 1059, 539, 1042, 945
t696=1226, 953, 303, 723
t697=1012, 768, 1213
t698=263, 468, 817, 840, 820, 876
t699=611, 345
t700=168, 921, 1085, 1073, 870, 1236, 491, 625, 428, 1082
t701=313, 1097, 1232, 1068
t702=1042, 462, 274, 745
t703=799, 912, 934
t704=321
t705=252, 976, 329
t706=320, 491, 965
t707=80, 852
t708=761, 376, 536
t709=618, 563
t710=985, 756, 619, 693, 344, 849, 1155, 1085
t711=354, 799
t712=978, 267
t713=699
t714=701
t715=492, 1030, 707, 1093
t716=928, 635, 492, 1112, 318, 471
t717=1073, 1032
t718=1056, 638
t719=252
t720=953, 718, 249
t721=521, 1056, 499, 1157, 392, 491, 508, 1121, 405
t722=633, 919, 1198
t723=890, 287
t724=310, 586, 609
t725=898, 776, 1016, 541
t726=400, 558
t727=323, 613
t728=663, 990, 603, 1209, 791
t729=395, 610
t730=270, 496, 889
t731=360, 1050, 512
t732=807, 862, 517, 766
t733=830, 1067, 648, 909
t734=281, 743
t735=723, 1030
t736=510, 536
t737=313, 1058
t738=121, 605
t739=333, 491, 1069, 442, 493, 1004, 1067, 1229, 604
t740=808, 918, 952, 1067, 440, 1061, 1216
t741=716
t742=400
t743=898, 915, 241
t744=748, 806
t745=338, 876, 1053, 450
t746=650, 262
t747=935, 1105, 1103, 1234, 1207, 1202, 814
t748=799, 1178, 1068, 704
t749=452, 888, 765, 431, 1116, 581, 307, 434
t750=1218, 1164, 362
t751=961, 656, 298
t752=755, 276
t753=743
t754=391, 113, 1224, 936, 404, 1191, 666
t755=1085, 343, 881, 1153, 423, 1213
t756=299, 782, 985, 471, 958, 502
t757=1100, 1097, 902
t758=308, 508, 1089, 868
t759=282, 334
t760=362, 578
t761=964, 653, 60, 1207, 590, 44
t762=979, 961, 158, 987, 533
t763=1226, 753
t764=883, 915, 699, 598, 628, 387
t765=317, 888, 99, 732, 706, 974, 1059
t766=1041, 503
t767=804, 1156, 356
t768=1152, 1081, 1204
t769=1117, 1183, 368
t770=413, 1139, 1013, 254
t771=992, 734, 1038, 965, 697, 975, 1142, 1171, 688
t772=1035, 1160, 684, 897, 1162
t773=334, 690, 1235, 844, 431, 414
t774=504, 369
t775=384, 409, 366, 1056, 494, 1194, 252, 1032, 495, 1203, 983, 1127, 404, 390
t776=1023
t777=821, 565
t778=881, 676, 617, 575
t779=1004, 719, 357, 988, 847, 302, 826, 779
t780=685, 441, 1025
t781=1092, 898
t782=773, 698, 373
t783=718, 382, 763, 900, 732, 324, 876, 619, 302, 959, 1130
t784=1121, 682, 747
t785=1200, 1100
t786=129, 1070, 447, 1212, 441, 1042
t787=295, 692
t788=970, 1098, 406
t789=618
t790=74, 620
t791=833, 823, 1086, 1143
t792=944, 793, 902
t793=743, 237, 633
t794=529, 1015, 909
t795=406
t796=390, 349, 444
t797=964, 467
t798=580, 687, 286, 171
t799=378, 240
t800=1191, 538, 475
t801=994, 659, 1144, 610
t802=225, 1103, 502, 1118, 1181, 656, 260, 1150, 934
t803=664, 834, 527
t804=764, 953
t805=900, 1041
t806=766, 594, 628, 127
t807=491, 48, 967, 187
t808=264
t809=953, 987
t810=626
t811=291
t812=1005, 521, 1157
t813=434
t814=425, 772, 141, 1023, 429, 322, 963
t815=820, 254
t816=1025, 1186, 515
t817=287, 739
t818=1166, 1199, 1062, 1060
t819=525, 1020, 846, 902, 855, 442, 221, 683, 337
t820=734, 1139
t821=640, 1179
t822=345, 849
t823=1162, 802, 678
t824=108, 812, 1213
t825=1182, 832, 969, 298
t826=990, 538, 1005, 343, 596
t827=625
t828=495, 962, 460, 828, 669, 636
t829=1226, 694
t830=684, 614, 1041
t831=372
t832=942, 675, 667, 545
t833=1062, 1087, 612
t834=273, 1041, 1085, 654, 947, 1080, 216, 1118, 935, 1135
t835=558, 685, 1118, 687
t836=887, 512, 918, 734
t837=942, 894
t838=531, 732, 894
t839=949, 359, 1060, 614, 453, 511, 805
t840=796
t841=404, 618
t842=452, 463, 1066, 433
t843=1218
t844=1156, 1072, 46
t845=826, 454, 137
t846=707, 1016, 140, 369, 554
t847=1152, 857, 570, 1215, 1205
t848=354
t849=599
t850=677, 1088, 372
t851=619, 790
t852=663
t853=655, 736, 891
t854=590
t855=633, 721
t856=745, 106, 725, 468, 983
t857=1228, 1104, 381
t858=1211, 396, 284, 386, 571, 515, 918
t859=850, 376, 835
t860=1128, 768
t861=199
t862=750, 810
t863=419, 858, 330
t864=977, 1210
t865=932, 273, 737, 1092
t866=872, 280, 71
t867=824, 479, 564, 257, 708, 879, 1173, 763, 971, 1094, 817, 1057, 321, 931, 597
t868=570, 256, 974, 321, 1091, 50
t869=722
t870=793, 1036, 485, 733, 750, 434
t871=653, 663, 397
t872=586
t873=569, 262, 148
t874=1232
t875=491, 1102, 733, 1233, 799, 483
t876=1178
t877=432, 656
t878=828, 498, 1024, 605
t879=530, 541
t880=806, 1185
t881=626
t882=449, 571
t883=1073
t884=451, 942, 885
t885=73, 577
t886=714, 737, 1085, 488, 257
t887=1037, 390, 1092, 763, 821
t888=854, 588, 688, 518, 522
t889=764, 1237, 860, 274, 881
t890=1043
t891=778
t892=276, 283, 1060, 183, 1138, 836
t893=259, 1085, 54, 890, 413, 1195, 859
t894=1088
t895=577, 942, 468, 322, 331, 614, 598, 292, 658, 130, 495
t896=405
t897=628
t898=880, 583
t899=941, 520, 668
t900=42, 1198, 503, 660, 447, 881, 638
t901=743, 1180, 574, 1078, 1206, 314, 305
t902=966, 666, 318, 490, 725
t903=817, 783, 332
t904=437, 964
t905=807, 929, 715, 972, 655, 1177, 519, 918, 695
t906=175, 649
t907=798, 893, 268, 151, 1042
t908=625, 775, 717
t909=248
t910=988, 409, 375, 794, 617, 1097, 837, 1059, 70
t911=1223, 256
t912=1218, 1097, 604
t913=1205, 132
t914=711, 488
t915=671, 345, 1069
t916=498
t917=946, 941, 918, 822, 539
t918=543, 876, 1199, 378, 1202, 553, 593, 303
t919=100, 262, 1079
t920=77
t921=272, 302
t922=279, 646
t923=1167, 760, 682
t924=32, 695
t925=1006, 1041
t926=354
t927=1007, 927
t928=849, 663
t929=366, 693, 489, 1082, 1097, 518, 878, 917, 1068, 734
t930=876, 909, 288, 998, 381, 825, 606
t931=1211, 305, 448
t932=614, 685, 432, 399, 617, 1108, 513, 1115, 257, 1153, 616, 449, 665
t933=702, 975, 1223, 1038
t934=539, 81, 458, 1163, 399, 913, 830, 397
t935=724, 197
t936=857, 738, 522, 842, 1045, 478, 777, 1217, 869
t937=1057, 474, 349, 1072, 628, 908, 929, 438, 495, 774, 1055, 653, 542, 498, 616, 825, 454
t938=847, 875
t939=1136, 820
t940=290, 149, 878, 1055, 909, 274, 753
t941=492, 1217
t942=714
t943=952, 1010
t944=816, 1041
t945=906, 386
t946=1130, 422
t947=562, 475, 1097
t948=989, 274, 970, 1214, 849
t949=721, 598, 491
t950=705, 1154, 761
t951=647, 432
t952=961, 21, 1110
t953=278
t954=737, 43, 732
t955=459, 700, 876, 366, 484, 649, 1136, 473
t956=643, 863, 991
t957=1002, 567
t958=1215, 260, 1039, 486
t959=361, 862, 918
t960=578, 1223
t961=642
t962=25, 1066, 645, 530, 1035
t963=962, 10, 789, 267, 205, 1182, 853, 1216, 966
t964=448, 139, 369
t965=1213, 309, 653, 799
t966=330, 425, 493, 735, 1097, 933, 426
t967=534, 1213, 262, 592, 517, 699, 308, 395
t968=838, 1198, 514, 118
t969=654, 220, 360, 508
t970=853
t971=1172, 1186, 776, 1024
t972=1032, 938
t973=1142, 1193, 876
t974=1134, 1233
t975=1220, 362
t976=498, 452
t977=886, 1215
t978=729
t979=954, 510, 1010, 403
t980=414, 573
t981=1221, 1112
t982=909, 573
t983=876, 1103, 1014, 578, 1035, 551, 329
t984=583, 800
t985=1169, 523, 979, 378
t986=943, 805, 631, 365, 932
t987=432, 784
t988=536, 1185, 704
t989=1130
t990=49, 1139
t991=687, 492
t992=402, 592, 1041, 1210, 1103, 732, 152, 755, 909, 859
t993=894, 349, 1049, 754, 1012
t994=330, 405, 696, 415
t995=550
t996=521, 964, 772, 1113
t997=589
t998=1140, 222
t999=841, 372, 608, 489, 600
t1000=808, 632
t1001=894, 593, 454
t1002=1109, 1089, 449
t1003=1155
t1004=1078, 921
t1005=538
t1006=274, 1075, 1041
t1007=523, 301, 277, 269
t1008=738, 1062, 1091, 743, 825
t1009=737, 1152, 622
t1010=810, 1076
t1011=1118, 188
t1012=624, 1040, 1075, 972
t1013=438, 424, 997, 1162
t1014=246, 1237, 824, 530
t1015=449, 1203
t1016=520, 912, 519
t1017=1184, 949, 913
t1018=617, 642, 815, 823, 682, 849
t1019=1190, 890, 1109, 1123, 458, 260, 802
t1020=402, 731
t1021=1103, 763, 276
t1022=577
t1023=1023, 938, 652
t1024=480, 911
t1025=778, 1035, 900, 328, 1069, 515, 289, 1144, 1085, 330, 988
t1026=359, 731, 973, 532, 951, 757, 944
t1027=812, 614
t1028=1103, 1034, 356
t1029=613, 412, 1106, 33
t1030=497, 1228
t1031=1068, 737, 629
t1032=545, 1009, 1158, 816, 881, 1059, 1053, 502, 1198, 624
t1033=749, 475, 803
t1034=307, 1092, 881
t1035=933, 411, 270
t1036=745, 883, 209, 918, 418, 397
t1037=411, 611
t1038=864
t1039=1088, 588, 602
t1040=449, 274, 998, 328, 699, 964, 511, 1207
t1041=719, 499
t1042=1225, 174
t1043=703, 364, 504, 793, 400
t1044=718, 610, 1081
t1045=699, 932, 703, 374, 651, 954, 104, 576
t1046=1086, 688, 259, 590, 14, 988, 342
t1047=697
t1048=823, 799
t1049=1025, 337, 341
t1050=1008, 863
t1051=890, 749, 531, 495
t1052=1093, 364, 379
t1053=404, 1088
t1054=277, 726
t1055=516, 985, 413, 964, 1216
t1056=1213, 816, 372, 567
t1057=571, 567
t1058=726, 447, 963, 737
t1059=1042
t1060=471, 615, 1027
t1061=684, 594, 591
t1062=398, 1215
t1063=596, 396, 423
t1064=1045, 1043, 1145, 321
t1065=646, 822, 801
t1066=1056, 1138, 479
t1067=961, 1060
t1068=1193, 1006
t1069=699
t1070=286, 1216, 576, 912
t1071=856
t1072=1001
t1073=9, 1041, 837, 533, 1109, 1154, 757, 802, 1032, 565, 254
t1074=1025, 1208, 933, 628, 1235
t1075=504, 877, 489, 856, 588
t1076=995, 274, 307, 414, 248
t1077=716, 871
t1078=487, 1147, 500
t1079=437, 1025, 358, 850, 418, 655
t1080=440, 837, 1130, 1032, 391, 639, 376
t1081=726
t1082=1182, 289, 316, 562
t1083=729
t1084=434
t1085=325, 336, 1075, 903, 1070, 697, 642, 925, 539, 426, 1145, 1101, 1126, 717, 412
t1086=404, 765
t1087=841, 732, 433, 519, 666, 845, 633, 479, 887, 935, 945, 664, 397
t1088=972, 496
t1089=191, 629
t1090=591, 962, 572
t1091=1221, 1106, 931, 1056, 1178, 609, 944, 287, 632, 527, 1097, 1059, 295, 373, 345, 613
t1092=595, 421
t1093=427, 848
t1094=66, 538, 469, 341, 842
t1095=293, 1053
t1096=1148, 967, 1134, 1004, 970, 1062, 976, 1014, 879, 540
t1097=654, 1155, 942, 1194, 908, 1109
t1098=940, 495
t1099=756, 345, 909, 337, 1138
t1100=734, 1081
t1101=495
t1102=743, 678
t1103=274, 925, 1006, 1048, 144, 994
t1104=774, 878, 867
t1105=575, 238
t1106=917
t1107=653, 1204
t1108=951, 30, 879, 1026, 136
t1109=757, 968, 649, 1027, 283, 964, 1054, 558, 981, 280
t1110=729, 802, 610
t1111=1131, 249, 600, 1187, 1098, 217, 1054
t1112=1069
t1113=994, 896
t1114=635, 514
t1115=1154, 434, 834, 649
t1116=467, 742
t1117=608, 393
t1118=396, 970
t1119=1080, 172
t1120=1201, 270, 1112, 759
t1121=768
t1122=1055, 661
t1123=3, 840, 737, 1020, 1229, 1178, 1098, 961, 667, 887
t1124=638, 1048, 752, 535, 352, 1107, 961, 1113
t1125=580, 748, 877, 1039
t1126=252, 69, 1025, 857, 699, 1110, 838, 907, 876, 317
t1127=299, 851, 1170, 263, 565
t1128=782, 702, 307
t1129=420
t1130=89, 801
t1131=394, 1085, 1049, 766, 1174
t1132=561, 267
t1133=1137, 1059, 391, 763, 876, 422, 969, 397
t1134=153
t1135=594, 464, 516
t1136=311, 908, 1194
t1137=1236, 538
t1138=256
t1139=852
t1140=1217, 978
t1141=266, 927
t1142=274, 508, 965
t1143=4, 1229, 761, 900, 941, 946
t1144=1150
t1145=721
t1146=47, 1213, 487
t1147=684
t1148=782, 606
t1149=320, 801, 330, 598, 629, 67, 576, 842
t1150=685, 436, 996
t1151=874, 1013, 827, 938
t1152=873, 1041, 813, 467, 1218
t1153=291, 869, 688, 444, 804
t1154=269, 793, 1028
t1155=375, 274
t1156=316
t1157=624
t1158=1220, 964, 879
t1159=628, 809, 406, 1176, 1019, 1121, 288, 96
t1160=736, 623
t1161=575, 936, 565
t1162=1213, 829, 735
t1163=1107, 307, 1047, 1068, 452, 505, 236
t1164=1039, 1138, 1231, 1005, 973, 243, 561
t1165=503
t1166=260
t1167=932, 452, 1123, 276, 1054, 268, 626
t1168=306
t1169=352, 699, 898
t1170=1223, 395
t1171=738
t1172=827, 796, 721, 637, 756, 1154, 366
t1173=525, 1030, 671
t1174=245, 707, 1034
t1175=1, 1155, 369, 1078, 404
t1176=1018, 565, 685, 687
t1177=786, 670, 1154
t1178=363
t1179=776
t1180=625, 816
t1181=677, 679
t1182=543, 700, 1160, 432, 819
t1183=922, 773, 606
t1184=1192, 500, 566, 916, 1206, 989, 1181, 1235, 465
t1185=893, 912
t1186=767, 349, 579, 412, 254, 680
t1187=672, 1109, 1141
t1188=1062, 1150
t1189=1037, 745, 517, 849, 951, 953
t1190=534
t1191=576, 257
t1192=265, 938, 1194, 692, 619
t1193=5, 771, 915
t1194=759
t1195=691, 1056, 402, 103, 1023, 824
t1196=572
t1197=1095, 503, 1182, 745, 672
t1198=933, 1174, 1029
t1199=460, 793, 203
t1200=1045, 391
t1201=218, 1084, 802
t1202=626, 1152, 1213, 597
t1203=1103, 442, 811, 814, 1143
t1204=881, 275, 1004, 331
t1205=145, 565, 969, 546, 1210
t1206=802
t1207=326
t1208=674, 782
t1209=1144, 392
t1210=1116, 955
t1211=689, 711, 518
t1212=589, 473, 932
t1213=282, 520
t1214=283, 1165
t1215=824, 336
t1216=450, 336
t1217=681, 560, 890, 1217, 1088, 353
t1218=432, 536, 449, 792, 154, 387, 825
t1219=1154, 720, 934, 1190, 1116, 996, 647, 892, 708
t1220=1056, 1202, 440, 840, 402
t1221=164, 889, 45
t1222=252, 1040, 852
t1223=494, 315, 683, 79
t1224=1207, 594, 621
t1225=682, 961
t1226=293, 389
t1227=1212
t1228=544
t1229=460, 288
t1230=723, 907
t1231=532, 857, 954, 886, 642, 1034, 333, 453
t1232=735, 931, 490, 947, 715, 307, 961
t1233=632, 1197
t1234=63, 751, 1218
t1235=717, 1213
t1236=1087, 593
t1237=964, 603, 277, 1112, 920
t1238=569, 743, 1053
t1239=257, 1169, 491, 437, 503, 925, 752, 68, 777
t1240=958
t1241=445, 462, 884
t1242=101, 446
t1243=987
t1244=976, 1229, 999, 312, 602
t1245=291, 495, 538, 925, 348, 1068, 751
t1246=1032, 1229
t1247=1174, 332, 198, 432, 928, 500
t1248=764, 802, 783
t1249=1076, 418
t1250=635, 1102, 556, 611, 762, 318, 493, 469
t1251=827, 277, 634, 729, 280
t1252=531, 759, 550
t1253=621, 712, 1104
t1254=526, 1199, 868
t1255=349, 944, 415, 804, 729
t1256=471, 260, 326, 291, 444, 1090, 479, 786, 741, 539
t1257=530
t1258=364, 658, 741, 732, 442, 626
t1259=413, 617, 503
t1260=495, 1108, 309, 645
t1261=1026, 829
t1262=339
t1263=1095, 673, 1099, 491, 538
t1264=454, 982, 757, 536, 1036
t1265=514, 826, 1196, 627, 414
t1266=683
t1267=799, 1057, 456, 369, 674, 1075, 538, 1032, 1060, 1154, 459, 530
t1268=1005, 260
t1269=659, 910, 306
t1270=1157
t1271=403, 918, 896
t1272=257, 909, 686, 510
t1273=628, 850, 670
t1274=28, 325
t1275=13
t1276=259, 523, 318, 751, 964, 546, 1039
t1277=1088, 633, 531, 807
t1278=721, 530, 679, 1203
t1279=263, 417
t1280=540, 248, 970, 1216
t1281=613, 812, 376
t1282=354, 352
t1283=622, 909
t1284=877, 190, 1160, 87, 1163, 887
t1285=321, 567
t1286=888, 1217, 865, 816, 778, 845, 1077, 468, 323
t1287=1128
t1288=1071, 567
t1289=684, 1000
t1290=479, 214
t1291=549, 932, 478, 1151
t1292=816, 888
t1293=300, 421, 1170
t1294=349
t1295=535, 275, 391
t1296=933, 133
t1297=990, 782, 492
t1298=664, 454, 682
t1299=552, 911, 288, 504
t1300=924, 850, 568
t1301=1024, 1020, 1089, 1042, 709
t1302=482, 1175
t1303=927, 411, 596, 1125, 294, 192, 388, 727, 951, 910
t1304=417, 604
t1305=1033, 664, 986, 862, 695, 818, 622, 355
t1306=828, 864, 646
t1307=268, 929, 291, 725
t1308=318, 1131, 336, 1157, 919, 545, 1118, 445, 1047, 997
t1309=459
t1310=147, 1192, 490
t1311=1047, 1107, 377, 291
t1312=298, 1119
t1313=1070
t1314=444, 1203, 844
t1315=960, 432, 737
t1316=787, 716
t1317=860, 413, 372, 1136, 1024, 265, 321, 593
t1318=1183, 380, 766, 1081
t1319=454, 698, 1217, 1145, 673, 1128
t1320=449, 505
t1321=1116, 826, 345, 592
t1322=1105, 112, 358
t1323=1041, 643, 486, 1044, 444
t1324=373, 254, 730, 483, 52, 875, 594
t1325=692, 1070, 767
t1326=681, 1103
t1327=478, 432, 848, 616, 262
t1328=291, 600, 375
t1329=538, 1048
t1330=347, 578, 847
t1331=924, 391, 358, 533
t1332=1224, 1039
t1333=1151, 1075, 420, 1131, 443
t1334=477
t1335=318
t1336=272
t1337=1067, 689
t1338=625
t1339=361, 332, 374
t1340=1143
t1341=470, 574, 307, 335, 1137, 1076, 1115, 596, 913, 1095
t1342=1194, 982, 277
t1343=408, 945, 657
t1344=956, 266, 1104, 538, 918, 637, 1067
t1345=742, 868, 1004
t1346=581, 568, 1136, 1015, 1009, 1004, 1220, 1049, 613, 295, 1027
t1347=963, 575
t1348=291, 604, 782
t1349=812
t1350=1168, 1035
t1351=251, 746
t1352=1134, 670, 784, 519, 902
t1353=1213, 327, 684, 605, 795, 779
t1354=1103, 436
t1355=1000
t1356=693, 1128
t1357=381, 1116, 695, 16, 252
t1358=367
t1359=653, 578, 248, 1079
t1360=627, 632, 1052, 841, 611, 757, 858
t1361=377, 848, 360
t1362=560, 944, 1067, 773
t1363=517, 510
t1364=194, 1113
t1365=785, 1206, 161, 1069
t1366=1088, 1198, 520
t1367=37
t1368=749
t1369=513, 338
t1370=110, 438, 403, 305, 421
t1371=577, 64
t1372=1150
t1373=480
t1374=917, 444, 1212
t1375=291, 1057, 422
t1376=1037, 697, 374
t1377=1211, 1157, 865
t1378=456, 524
t1379=1235
t1380=536
t1381=1123, 817, 316, 1125, 1215, 833, 812, 900, 778, 311, 41, 1163, 896, 764
t1382=293, 577, 256, 796
t1383=568
t1384=573, 273, 179, 943, 1097
t1385=1126, 548, 1097
t1386=328, 686
t1387=427, 344, 463
t1388=756, 1041, 269
t1389=948, 913, 783
t1390=550, 507, 786, 341
t1391=1236, 338, 959, 386
t1392=1097
t1393=747, 712, 698, 178, 382
t1394=608, 348
t1395=744, 413, 1149, 514
t1396=1216, 950, 597, 461, 910, 563
t1397=673, 820
t1398=895
t1399=584, 770
t1400=1137, 1150, 443, 425, 359, 879, 816, 633, 1000, 626, 964, 84, 593, 357, 1188, 124, 511, 614, 507
t1401=1063, 483, 859, 509
t1402=660
t1403=495
t1404=1109, 912, 905, 710, 184, 489, 664
t1405=1154, 771
t1406=1188, 762
t1407=660, 812
t1408=1163, 471, 778
t1409=430, 525, 510, 628, 964
t1410=922, 566, 329, 1061, 735
t1411=445, 402, 270, 598, 873
t1412=1237, 937, 459
t1413=260, 715, 726
t1414=598, 1168, 258, 935, 504, 819, 1172, 715
t1415=24
t1416=55, 766
t1417=1199
t1418=1138, 501, 611, 816
t1419=491, 1225, 869, 494
t1420=98, 2, 549, 1143
t1421=984, 964, 1094, 781, 479
t1422=460
t1423=516, 1165, 509, 760, 506, 352, 872
t1424=920, 1201
t1425=510
t1426=244, 646
t1427=1081, 937
t1428=1217, 1211, 1199, 1226, 952, 1118, 296, 913, 1195, 254, 1159, 350, 884, 479, 708
t1429=851, 604, 391
t1430=429, 586, 517, 247, 641, 476, 256
t1431=109, 1194
t1432=946
t1433=1101, 1051, 1031, 964, 589
t1434=256, 126, 415
t1435=395, 719, 653
t1436=1093, 1141, 840, 673, 451
t1437=838, 850, 1156
t1438=1096, 1199, 898, 733
t1439=1115, 598, 738, 831, 1235, 823, 971, 1052, 1194, 885
t1440=798, 752, 628, 254
t1441=1188, 538, 572, 602, 568
t1442=332, 91
t1443=611, 958
t1444=555, 597, 799, 1112, 318, 1007
t1445=538
t1446=789, 654, 676, 906
t1447=1000, 912, 379, 291
t1448=847, 1032, 343, 697
t1449=604, 866, 1095, 964
t1450=886, 957, 924
t1451=463, 965
t1452=522, 72, 1158
t1453=1081, 890, 1230, 851, 524, 425, 947, 536, 1188, 349, 925, 1025, 416, 491, 620
t1454=579, 537, 314, 948, 682, 1157, 983, 1020, 503, 475, 567, 599, 614, 840, 353, 409
t1455=463, 223, 271, 984, 1031, 741, 622, 1118, 402, 416
t1456=999, 834, 1117, 420, 1023
t1457=842
t1458=556, 1017, 644, 1215
t1459=479, 280, 470, 34, 957
t1460=301, 370
t1461=968, 264, 1010, 180
t1462=311
t1463=763
t1464=994, 416, 1119, 890, 713, 1180
t1465=486
t1466=826, 918, 732, 212, 816
t1467=410
