totalreqs = 1237
totaltest = 1467
//------------------------------------//
// Test Case Versus Requirements Maps //
//------------------------------------//
t1=300, 1224
t2=472, 403, 419
t3=923, 1211
t4=1098, 420, 320, 1071, 1074, 601
t5=1187
t6=1083, 795, 335, 1235, 1193
t7=938, 1005, 269, 1038, 616, 17
t8=1210, 1233, 708, 1097, 1100, 1199, 516, 274, 975, 720, 663, 444
t9=881, 450, 551
t10=1020, 713
t11=792, 275, 1109, 882, 658, 729
t12=490, 1068, 680, 741
t13=611, 768
t14=854, 274, 427, 1010, 89, 1192, 750, 950, 597, 1235, 1094
t15=267, 560, 514, 599, 831, 1225, 952, 903
t16=787, 405, 1023, 423
t17=696
t18=874, 1059
t19=720, 993
t20=409, 255, 1042, 421, 665
t21=980, 1124, 1083
t22=788, 473, 1195, 722, 1214
t23=805, 1140, 776
t24=1139, 622
t25=827, 498
t26=1225
t27=807, 462
t28=989, 929, 835, 768, 1119, 643, 558
t29=594, 1169, 1068
t30=461, 1103
t31=263, 675, 801, 1077
t32=263, 461, 523, 729, 250, 867
t33=983, 985, 327
t34=1007, 382, 869
t35=1204, 366, 705, 930, 542
t36=1192, 724
t37=266, 1080, 800
t38=888, 1154
t39=550, 387, 545, 614, 707, 1009, 985
t40=1031, 520, 403, 810, 285, 703, 1023, 686, 945, 803, 1086, 724, 423, 342, 1118, 813
t41=1011, 692, 633, 1174
t42=261, 962, 723, 614
t43=1080, 883, 271, 1085, 1073, 514
t44=841, 356
t45=120, 1180, 519
t46=1087, 548, 224
t47=867, 266, 765, 1007
t48=1026, 284, 437, 638, 695
t49=368, 560
t50=589, 421, 446
t51=97, 857, 386
t52=1207, 297, 259, 487, 338, 486, 982, 1031, 922, 1086, 1090
t53=226, 250, 870, 617, 390, 535, 251, 216
t54=1052, 861, 470, 941, 799
t55=1045, 256
t56=1033, 986
t57=416, 433, 713, 556
t58=1230, 600, 1180, 1040
t59=1122, 484, 531
t60=342, 1062
t61=1151, 24
t62=408, 826, 474
t63=422, 356, 361, 268, 290, 931, 169, 662
t64=774, 495
t65=524, 917, 629, 419, 985, 1207, 403, 560
t66=594, 857, 913, 730
t67=348
t68=859, 284
t69=1210
t70=990
t71=882, 462, 1211
t72=990
t73=703, 902, 1032
t74=827
t75=959, 1147, 567, 1213
t76=596, 1080, 904
t77=828, 846
t78=709, 425
t79=507, 417
t80=416, 521, 444, 986, 985, 865, 486, 841
t81=437, 622
t82=629, 600, 1003
t83=256, 1098, 1000
t84=330, 859
t85=594, 517, 622, 497, 559, 796
t86=427
t87=695, 764, 524, 748, 1074, 797
t88=1183, 932, 628, 659, 1197
t89=625, 943
t90=509
t91=1136
t92=263, 1210, 993, 605
t93=381, 653
t94=737, 1197, 951, 390, 770
t95=539, 822
t96=1144, 564, 736
t97=405, 143, 252, 1114, 552, 979
t98=680, 622
t99=447, 452
t100=267
t101=739
t102=1092, 1098, 1162, 1003, 401, 964, 333
t103=446, 412
t104=335, 801
t105=781
t106=1199, 354, 257, 1088
t107=336, 686, 408
t108=379
t109=381, 672, 609, 608
t110=438, 847, 807
t111=463, 643, 160, 770
t112=1098, 1189
t113=944, 841, 372, 370
t114=359, 246, 680, 1190
t115=173, 1110
t116=330
t117=1034, 391, 350, 864, 666, 1061, 801
t118=421, 1229
t119=1049, 724, 865, 524, 566, 456, 1061
t120=275, 528, 943, 623, 233
t121=935, 1024
t122=915, 575
t123=641, 456
t124=626
t125=619, 318, 423, 426
t126=1228, 381
t127=99, 688
t128=1019, 986, 605
t129=509, 842, 492, 679, 1174, 1018, 1069, 355, 821
t130=43, 488
t131=931, 1164, 901, 831
t132=365, 988, 299, 759, 1067
t133=961, 695, 27, 374, 1011, 297
t134=937, 973, 1061, 28
t135=569, 250
t136=350, 834, 1209, 1097, 476
t137=1138, 956
t138=776
t139=1061, 284
t140=1113, 522
t141=1232, 769, 757, 496, 162, 452, 1147, 688, 902, 612
t142=924, 1033, 728, 647, 431, 858
t143=724
t144=707, 275, 841
t145=846, 442
t146=200, 526, 1215, 765, 279, 753, 656
t147=1109, 714, 1142
t148=1100
t149=579, 921, 563
t150=154, 762, 590
t151=139, 406, 1149
t152=952, 273, 797, 1095, 545, 665
t153=748, 825, 1018, 932, 993, 248, 545
t154=368
t155=357, 329
t156=1145, 1021, 825, 850, 629, 518
t157=285, 962, 1022, 1161, 444, 1230, 817, 336, 937, 829, 948, 769
t158=581, 304
t159=1047, 546
t160=263, 922, 907, 581
t161=1017
t162=672, 1090, 1192, 1042, 573
t163=757, 1004, 496
t164=466, 812, 1098
t165=798, 313, 504, 457
t166=526, 422, 637, 1, 1026, 388, 579, 277
t167=1027, 384, 267, 1217, 537, 326
t168=110, 298, 658
t169=693
t170=453, 1166, 533, 1215
t171=625, 1199
t172=529, 897
t173=269, 872, 206, 1083, 1175, 272, 530, 781
t174=1194, 813, 1213, 1200, 788, 363
t175=444
t176=1177, 273
t177=616, 542, 588, 887, 1122, 947, 877
t178=1108, 609
t179=743, 273, 242
t180=1061, 1009, 48, 119, 741
t181=759, 878
t182=740, 1145
t183=990, 1079
t184=450, 328, 926
t185=827, 1062
t186=937, 1193
t187=560, 294, 956, 620
t188=545, 975
t189=1137, 1031, 1054
t190=667, 381, 1147, 361
t191=1189, 468, 759, 417, 948, 330, 1219, 581, 1154, 71, 313
t192=388, 1039, 316, 1184, 178, 553, 959, 1082, 390, 1189, 1004
t193=1149, 492, 336, 841
t194=333, 605, 666, 727, 905, 538, 1087, 1199
t195=1152, 1160, 722
t196=717, 1166, 251, 594, 1086, 45, 666, 358
t197=1212, 1003, 598
t198=594, 880, 983, 411, 285, 263
t199=1173, 690, 1185, 1020, 765, 755, 356, 664, 696, 993, 566, 1007, 550, 519
t200=944
t201=343
t202=1087, 257, 802, 410, 1185
t203=1117, 382, 886, 471
t204=1058, 1049
t205=431, 1156, 1108, 581
t206=1108, 458, 298
t207=1087
t208=854
t209=695, 524, 861, 1067, 931, 671
t210=785, 509, 1147, 514
t211=801
t212=601, 268
t213=1128, 722, 26, 380
t214=284, 228, 786
t215=340, 782, 441, 111, 889
t216=851, 699, 908, 460
t217=469
t218=423, 615
t219=456, 408, 610, 337, 396
t220=1147, 610
t221=1044, 1175, 922, 207, 446
t222=132
t223=465, 621, 776
t224=384, 297
t225=1217, 330, 282, 1091, 267, 1025, 597, 540
t226=423, 1052, 337, 732, 289
t227=956
t228=291, 827
t229=1095, 382, 263
t230=1111, 466
t231=713, 880, 671, 1207, 799, 948, 500
t232=833, 1015, 620
t233=232, 630, 847, 1206, 455, 741
t234=996, 853
t235=793, 1010
t236=562, 1009, 1077, 1011, 1051, 714, 648
t237=970, 946, 308, 586, 959, 728, 819, 732, 770, 1004
t238=855, 609, 1091, 430, 1131
t239=710, 709
t240=1207
t241=924, 955, 1183, 486, 1218, 461, 372, 1044, 302, 1086, 721, 72
t242=1061, 465
t243=326, 685, 584, 286, 901, 1017, 1112, 330, 463, 1158, 259
t244=1082, 500
t245=1233, 825
t246=1101, 192
t247=380, 330, 269, 454
t248=801, 446, 511, 1045, 618, 531, 590
t249=376, 921, 253, 545
t250=850, 844
t251=379, 922
t252=1230, 887, 1109
t253=1035, 1093
t254=911
t255=1031, 319, 499
t256=1078, 433
t257=1160, 40, 1217
t258=442
t259=105, 726, 166
t260=243, 1169, 504, 893, 323, 897, 405, 639, 1133, 642
t261=1120, 1210, 266
t262=1159, 984, 75, 990
t263=594, 490, 1075, 799, 566, 961
t264=763, 300, 755, 503, 865
t265=827, 331
t266=490
t267=368, 215
t268=1090, 620
t269=570, 841, 744
t270=312, 526
t271=731, 747, 843
t272=584, 938, 866, 501, 339
t273=615, 460
t274=691, 1035, 901, 757, 220, 891, 440, 265, 257, 870
t275=1023
t276=967, 504, 267, 947
t277=1074, 525
t278=1215
t279=666, 849, 906
t280=497
t281=993, 189, 645, 566, 709, 831, 382, 1092, 280
t282=793, 56, 870, 715, 456
t283=570, 1161, 997, 386
t284=1109, 590
t285=862
t286=744, 624
t287=686
t288=1217, 611, 420
t289=1211, 280, 345, 357, 1153, 182, 963
t290=1074, 413, 658, 180
t291=726
t292=274, 1001
t293=308, 170, 1115, 481, 1114, 551
t294=370, 387, 204, 850, 767
t295=655, 602, 887, 972
t296=1147, 60, 1061
t297=411, 844, 266
t298=894, 639
t299=605, 329, 641, 336, 957, 830, 322
t300=300
t301=498, 282, 268, 1166, 1219, 650
t302=1150, 285, 472
t303=852, 494
t304=882, 1167, 600, 442, 505, 752, 526, 662
t305=297, 218, 598, 1212, 578, 473
t306=572
t307=505
t308=721
t309=344, 927, 444, 329, 791, 1175, 1129, 1183
t310=664, 271, 1106, 498
t311=327, 1083, 501, 784, 1192, 410
t312=1180, 854, 906, 948, 493, 512
t313=539, 1219, 100
t314=712, 1096
t315=1201
t316=599, 273
t317=886, 1090, 1104, 579, 1061
t318=836, 849, 726, 560
t319=313, 873
t320=8, 939
t321=419, 1095, 1228, 496
t322=381
t323=1010, 293, 1092, 818, 66, 314
t324=1178, 1124, 197
t325=1076, 1205, 328
t326=859, 1020, 846, 517, 1135, 730
t327=1075, 1131, 938, 820, 1086
t328=337
t329=1075, 876, 702, 552, 597, 345, 759, 1219, 1148
t330=930, 1210, 937, 183, 581
t331=309, 893, 905, 277, 298, 1149, 1019, 921, 214, 1007, 766, 308, 1064
t332=684, 296, 1139, 500, 356, 74, 960, 248, 315, 1013
t333=1091, 1151
t334=155, 992, 84, 822, 1021, 1009
t335=306, 1137
t336=1233, 298, 944, 1162, 1046, 481, 1061
t337=848, 458
t338=1003, 346, 1104, 351, 937
t339=566, 1122, 1169, 654, 645
t340=948, 375, 251, 571, 497
t341=654, 420
t342=320, 875, 704
t343=346, 343, 411, 1154, 1145, 1212, 442, 754
t344=483
t345=1013, 490, 951, 229, 690, 707
t346=609, 340, 442
t347=1104
t348=625, 1059, 1215, 157
t349=959, 1148
t350=485, 621, 975, 960
t351=640, 461
t352=1052, 351, 792, 126
t353=813, 1184, 1209, 1007
t354=1194, 823, 750, 950, 581
t355=884, 1023
t356=870, 345
t357=687
t358=896, 1198
t359=1233, 990, 1084, 883
t360=57
t361=1147, 1123, 632
t362=780, 864, 505
t363=524, 644, 566, 15, 847, 846
t364=868, 1216, 745, 864
t365=274
t366=774, 1083, 665, 886, 1017
t367=330, 560, 418
t368=941, 998, 687, 883, 515, 963, 1228, 1130, 311, 875, 1169, 1202, 1185, 879
t369=686, 554
t370=1026, 887, 1089, 850
t371=289, 880, 480, 337, 372, 1210, 256, 304
t372=839, 665, 735, 389, 949, 1211, 256, 860, 455, 452, 791
t373=1230, 272, 897, 339, 473, 1103
t374=662, 1185, 401
t375=393, 647, 94, 565, 536
t376=670, 1181, 854, 721, 796, 403, 934
t377=705, 840, 944
t378=858, 1061, 321, 1043, 675, 814, 1031, 553
t379=1116, 278, 565
t380=375, 947
t381=435
t382=976, 897
t383=510, 497, 1150, 853
t384=1098, 606
t385=913, 257, 280, 530
t386=1106
t387=491, 526, 504, 281
t388=925, 138, 1037, 905
t389=359, 1157, 737
t390=765, 941, 1112, 692, 466, 858
t391=1092, 484, 715
t392=978, 771, 359
t393=1038, 187, 1087
t394=315, 945, 32
t395=257, 271
t396=1167, 471
t397=820
t398=258
t399=388, 1010
t400=765, 971, 322, 774, 301, 938
t401=1070, 941, 1165, 722, 428
t402=251
t403=1098
t404=382
t405=412, 954
t406=392, 772, 633, 334, 338, 396, 91
t407=807, 1166, 1093, 799, 1076
t408=707, 284
t409=486
t410=866, 460
t411=284, 969, 917, 705, 423
t412=513, 282, 1143
t413=874, 854
t414=914, 509
t415=1087, 864, 861, 827, 332, 510, 801, 259, 1035
t416=904, 1050, 361, 943, 667, 340, 942
t417=407, 1177, 1045, 277
t418=1164, 524
t419=860, 828, 990
t420=1027, 1071, 127, 799, 986, 1122, 721, 994
t421=1042
t422=1193
t423=349, 49, 1004, 692, 828, 860, 663
t424=315
t425=811, 565, 524
t426=713, 402, 954
t427=447, 42
t428=1221
t429=1164, 626, 750
t430=1092
t431=1096, 658
t432=907, 1217
t433=700, 446, 1144, 815
t434=448, 791, 548, 671
t435=826, 782, 1022, 1073
t436=349
t437=631, 388
t438=564, 1130, 953, 673, 1173, 622
t439=861, 1150, 1065, 1211, 266
t440=433
t441=819
t442=776, 929, 526
t443=780, 928, 881, 907, 651, 98, 307, 553, 308
t444=549, 453
t445=747, 827
t446=740, 871, 872, 826, 1044, 1180, 604, 300, 987
t447=405
t448=590
t449=560, 512, 1092, 1182
t450=941, 690, 289, 286, 684
t451=1189, 634
t452=963, 509, 374, 651
t453=627
t454=423, 397, 983
t455=703, 908, 722, 708
t456=294, 1046, 298
t457=913
t458=391, 709, 1147, 384
t459=1053, 893, 760, 1109, 654, 964, 323, 515, 1195, 513, 490, 1129, 263, 553, 395, 1130
t460=284, 730, 840, 313
t461=902, 414, 672
t462=381
t463=739
t464=526
t465=1094
t466=655, 897
t467=668, 957, 33, 268, 509
t468=738, 779, 527, 1187, 598, 1133, 102
t469=1208, 412
t470=249
t471=1104, 1023, 444, 717, 286, 573
t472=921, 1145, 607, 368, 1105, 404
t473=583, 894, 466, 1187, 359
t474=1198, 245, 339, 382
t475=6, 1009, 1110, 1087, 667, 610, 368, 1230, 943, 963
t476=1023, 259, 265
t477=1061, 780, 1173, 108, 1087, 540
t478=993, 1038, 90, 370
t479=1137, 737
t480=401, 787, 570, 1136
t481=1176
t482=553, 857, 956
t483=1063, 1066, 13, 422, 658
t484=1227, 1203, 414, 306, 992, 466
t485=1237, 732, 1135, 835, 912, 808, 1027, 530, 1143, 413, 1038, 1016, 566
t486=882, 604
t487=850
t488=1007, 1098, 481, 962, 830, 510, 372, 420, 1156, 730, 734
t489=972, 325
t490=415, 944
t491=606
t492=618, 828
t493=1086, 790
t494=953, 524, 280, 1166
t495=1080
t496=230, 626
t497=314, 1144
t498=1073, 1215
t499=282, 935, 573
t500=1222, 1183
t501=281, 1114, 573
t502=50, 662
t503=307, 1201
t504=393, 823, 731
t505=1026, 765, 16, 440
t506=1149, 1033
t507=831
t508=899
t509=390, 1077
t510=675, 259, 1122
t511=895, 485, 879
t512=643
t513=781, 1204, 388, 1217, 891, 92, 799
t514=1056, 557
t515=850, 938
t516=629, 1150, 1178, 566, 464, 862
t517=403, 664, 538, 916, 1160
t518=410, 716, 859, 899
t519=1235, 861, 829, 582, 681, 1073, 267, 588
t520=898, 722, 510
t521=1192, 391, 1184, 1205, 269
t522=1090, 457, 340, 1083
t523=528
t524=940, 1146, 1003, 358
t525=1180, 777
t526=451, 152, 1141, 1039, 549
t527=1067
t528=502
t529=553, 537, 371, 912, 917, 908
t530=982, 1073, 629, 389, 290, 903, 793, 594, 385, 284, 134, 1007, 340, 650, 386
t531=540, 68
t532=1137, 367
t533=794, 901, 249, 596
t534=339, 807
t535=749, 575, 682, 707
t536=1191, 822, 663, 889, 1105, 443, 717
t537=897
t538=925
t539=635, 403, 295, 816
t540=1007
t541=993
t542=931, 789, 1217
t543=1087, 257
t544=257, 415
t545=488, 991, 433, 1010, 446, 353, 429, 938, 101, 603, 766, 659, 1158, 38, 1173, 1015, 1179, 607
t546=1060, 801, 333, 862, 917, 719, 1173, 1108, 1219
t547=665
t548=872, 339, 854
t549=591, 1063, 322, 1161
t550=560, 1138, 692
t551=835, 500, 1061, 10, 477, 594, 277, 830, 254
t552=814, 488
t553=993, 622, 1012, 781, 975, 973, 570, 1196, 457, 144, 884, 1037, 892, 429, 1217
t554=550, 1017
t555=956
t556=654, 1149, 415
t557=330, 265, 491, 780, 1228
t558=511, 879, 403, 441, 437, 663, 85, 289, 1159, 298
t559=449
t560=523, 1087, 175, 667
t561=509, 465, 1182, 734, 980
t562=109, 140
t563=1188, 76, 782, 490
t564=398, 769, 990, 675, 482
t565=1144, 1209, 453
t566=592, 306, 403
t567=291, 650, 1169, 271
t568=289
t569=970, 493, 990
t570=886, 498, 355, 943, 1155, 481
t571=1209, 991
t572=1018, 271, 513, 122
t573=1010, 444, 548
t574=456, 264
t575=486, 1223, 489
t576=859
t577=987, 996, 1207
t578=894, 370, 993, 520
t579=1011, 1001, 977
t580=258, 1108, 645, 428, 899, 544
t581=211, 766, 532
t582=1112, 620, 565, 731, 393
t583=942, 1236, 168, 1004, 488, 163, 703, 389, 186
t584=370, 1013, 283, 498, 1044, 259, 825, 256, 125, 1023, 1229
t585=254, 721, 679, 396, 713, 1074
t586=1074, 1138
t587=411, 478, 514
t588=723, 892
t589=967, 267, 343, 742, 598
t590=1085
t591=505, 892, 733, 545, 986, 941, 1077
t592=789, 1222, 1022, 324, 1094, 149
t593=1008, 217
t594=400, 330, 638, 19, 668, 1018, 656
t595=1084, 890
t596=261, 500
t597=633, 1055
t598=729, 879, 831
t599=996, 1208
t600=256, 1126, 731, 1149, 1160, 1201, 428
t601=496, 291, 453
t602=444, 915
t603=780
t604=615
t605=1149, 641, 106
t606=1006, 512
t607=278, 298, 1043, 269, 779, 622, 967, 909
t608=423, 709, 619, 609, 1006
t609=389, 974, 1220, 409, 524
t610=250, 439
t611=635, 544, 452, 1175, 410
t612=1060, 481
t613=633, 451, 496, 1078
t614=29, 1201, 665, 609
t615=555
t616=865, 1225, 774
t617=671, 337, 312, 535
t618=976, 904, 846, 115, 768, 612, 394
t619=634, 1074, 597
t620=466, 944, 436
t621=389, 933, 604, 724, 846
t622=1020
t623=473, 1034, 526
t624=1087, 647
t625=1038
t626=971, 1098
t627=813
t628=553, 990, 1005, 692
t629=442, 34
t630=1037, 419, 600, 974
t631=978
t632=456, 1000, 1109, 415, 619, 403, 841
t633=1026, 689, 1005, 1080, 903
t634=301, 282, 891, 263
t635=976, 1182, 879, 815, 870, 983
t636=295, 708
t637=928, 927, 372
t638=378
t639=1060
t640=1069, 389, 533, 985, 621, 834, 1063
t641=268, 423, 848, 989, 789, 983, 222, 256, 1113, 1087, 263, 287, 1197, 713, 781, 420
t642=824, 506, 249, 648, 991
t643=419, 484, 337
t644=838, 1116, 1008, 1207, 1115, 519, 436, 793
t645=646, 515
t646=345, 560
t647=711
t648=835, 507, 368, 727, 1029, 904, 1090, 524, 943
t649=930, 578, 275, 1061, 1019
t650=1212
t651=3, 453
t652=1234, 1038, 982
t653=594, 650, 852, 760
t654=941, 685
t655=1069, 887, 395
t656=907, 372
t657=863, 1137
t658=1086, 1005
t659=1207, 845, 651, 461
t660=888, 256, 329, 259, 378
t661=1092, 959, 282
t662=1086, 1161, 667
t663=586, 792
t664=416
t665=794, 1026, 394, 837, 952, 531
t666=924, 1231, 234
t667=1036, 1199, 658
t668=506
t669=627, 181
t670=690, 598, 291
t671=624
t672=941
t673=351, 722, 1048, 417, 439, 1198, 1063
t674=446, 298
t675=142, 629
t676=1211
t677=763, 1039, 968, 1074, 889
t678=1008, 620, 285, 977, 713, 975, 676
t679=1127, 758, 578, 1180
t680=1215, 938, 816, 545, 914, 311
t681=783, 621, 752, 1004, 957, 392
t682=446, 518
t683=724, 303, 1135
t684=296, 1046
t685=1017
t686=666
t687=768, 510, 693
t688=453, 1028, 766, 378, 367, 876, 348, 567, 825, 625, 934, 360, 830, 494, 543, 1223
t689=263, 256
t690=318, 620
t691=699
t692=860, 419, 1055
t693=381, 1235
t694=1047, 942
t695=996, 412, 439
t696=594
t697=928, 642, 946
t698=567, 701, 429
t699=975, 424
t700=709
t701=339, 568
t702=474, 707, 690, 876
t703=634, 455
t704=353, 536, 1187, 784
t705=887, 505, 1222, 313, 560, 451, 707, 1059, 996, 430, 1007, 897
t706=881
t707=1041, 411
t708=363
t709=796, 786, 456, 553, 447, 511
t710=1226, 566, 822
t711=310
t712=768, 841
t713=435, 1234, 902, 380, 482
t714=1074, 352, 256
t715=64, 1023, 271, 406, 509, 911, 989, 597
t716=661, 725, 330
t717=509, 1046
t718=314, 277, 713, 1237, 656, 690, 545, 798, 880
t719=1057, 598
t720=934, 906
t721=30, 339, 675, 1074, 656, 1116
t722=375, 932, 863, 1209, 408, 1166, 1081
t723=732, 750, 205
t724=926, 676, 223, 1181
t725=991, 362, 1226, 475
t726=505, 1193
t727=639, 1055, 263, 526, 691
t728=808, 1184
t729=884, 1219
t730=460, 404, 403, 479, 372
t731=590, 1166, 986
t732=1174
t733=835, 327, 541
t734=1061, 444, 704, 992
t735=890, 1054, 504, 724, 507, 579, 237
t736=492, 690
t737=418, 1170
t738=1104, 791, 1197, 428, 1219, 790, 597, 513
t739=965, 749, 1097, 359, 510
t740=463, 1235, 416
t741=372, 238
t742=337, 521, 1178, 1109, 631, 314, 868
t743=1122, 1118, 1180
t744=1180, 966, 1201, 907, 591, 603, 1152, 649, 382, 423, 82
t745=678, 306, 1011, 1051, 406, 437, 719
t746=1112, 263
t747=816
t748=468, 791, 450
t749=1096, 193
t750=920, 733, 1012, 823
t751=811, 857, 1016
t752=388, 219, 1100
t753=1074
t754=846, 1090, 615, 436, 274
t755=807, 928, 752
t756=648, 431, 569, 544, 566
t757=1119, 1130, 655
t758=507, 554
t759=659
t760=706
t761=410, 1215, 339, 618, 768
t762=1061, 772, 627, 1103
t763=696, 913, 304
t764=794, 1080, 1112, 478, 1008, 434, 575, 277, 590
t765=767, 933, 514, 285, 470, 1136
t766=369, 598
t767=1132, 892
t768=560, 444, 299
t769=1105, 365, 739, 1217, 579
t770=795
t771=941
t772=799, 167, 1209, 1180, 400, 831, 671, 716, 271, 347, 444
t773=598, 176, 345, 1209
t774=634, 690, 882, 490, 444, 1090, 901, 1221
t775=481, 1148
t776=822, 509, 678, 1085
t777=825, 1086, 380, 147
t778=1021, 250
t779=795, 714, 853
t780=333, 1125
t781=640, 854, 587
t782=990, 810, 1036, 1064
t783=504
t784=1100, 88, 494, 915, 442
t785=340, 436, 620, 712
t786=410, 1209, 562
t787=794, 718, 1119, 975
t788=886
t789=735, 1127, 1030, 447, 289, 1092, 522
t790=801, 506, 977
t791=1192, 577
t792=622, 1004, 839
t793=630
t794=977, 1173, 484, 1104
t795=900, 831
t796=1117
t797=934, 553
t798=221, 661, 1137, 1001, 558, 445, 412, 950, 895, 1036, 1175, 587
t799=674, 1132, 1185, 1051, 799, 611, 645, 696, 461, 877, 282, 191
t800=1079, 651, 231, 330
t801=870, 1144, 644, 606
t802=330, 610, 253, 909, 629
t803=831, 904
t804=1160, 854
t805=399, 460
t806=598, 716, 1210, 901
t807=257, 731, 736, 438, 577, 113
t808=881, 1137, 711, 806
t809=710, 369, 592
t810=1098, 658, 646
t811=628, 774, 606, 662, 333
t812=836, 1078, 1147
t813=639, 893, 1221, 171, 950, 600, 1170, 287
t814=593, 778
t815=496
t816=939, 262, 757, 429, 268
t817=313, 617, 445, 1099
t818=403
t819=348
t820=1013, 303, 526, 388, 595
t821=271
t822=456, 415
t823=439, 151
t824=236, 459, 1043, 503, 801
t825=172, 768
t826=610, 402
t827=282, 327, 682, 509
t828=551, 1180, 922
t829=1009, 586, 612
t830=59, 727, 256, 1007, 1085
t831=301
t832=655, 1017, 286, 1005, 791
t833=587
t834=729, 1032
t835=435, 257, 722, 4, 41
t836=1207, 833, 544, 829
t837=1160, 1078, 439, 1087, 622, 777, 866, 330, 593, 1034, 667
t838=1067, 1014, 1223, 940, 1156, 943, 695
t839=965, 767, 738, 443, 1147, 1145, 732, 1040, 1200, 1162, 533, 209
t840=424, 36, 937
t841=465
t842=920, 586
t843=631, 432
t844=1033
t845=179, 662, 262, 444
t846=746, 1118, 866, 347
t847=619, 1051, 364, 767, 727
t848=338, 467
t849=365
t850=496, 1106, 239
t851=1234, 774, 662
t852=1039, 277, 332, 748, 1108, 2, 1123
t853=321, 844, 565, 461
t854=968
t855=827, 300
t856=627
t857=809, 67, 1117, 1057, 469
t858=412, 1179
t859=1185, 728, 1001, 362, 763
t860=263, 472, 195, 1179, 951, 250
t861=781
t862=1181
t863=927
t864=312, 785
t865=665, 1099
t866=622
t867=1211
t868=560, 188
t869=689, 617, 474, 600, 293, 1125, 948, 490, 896, 783
t870=123, 598, 263, 627, 314, 436, 843
t871=1145, 495, 991, 319, 935
t872=1184, 936
t873=798, 941, 1163
t874=1109, 253, 1185, 461
t875=1069, 663, 690, 872, 250
t876=433, 1235
t877=277, 996, 435
t878=794, 686
t879=412, 799
t880=304, 1231, 210
t881=1014, 377, 830, 263, 623
t882=864, 1086
t883=980
t884=455, 622, 1235, 1138, 471
t885=791
t886=320, 395, 469
t887=503, 931, 384, 475, 746, 1077
t888=330
t889=514, 829
t890=911, 202, 156
t891=634, 1020, 1067, 811, 1042
t892=450, 686
t893=1205, 403, 710, 1180, 1081
t894=1169, 1235, 1202, 729, 649, 658, 297, 1006, 938, 251, 464, 264, 672, 846, 768, 1203, 337, 556, 1159
t895=647, 384
t896=547, 12
t897=1179, 489, 1107, 285, 741, 415, 431, 830, 428
t898=973, 608, 520
t899=623, 655, 868, 1160
t900=927, 695, 686, 499
t901=524, 435, 363, 1214, 280, 387
t902=570, 1166, 455, 984, 901, 582, 604, 460
t903=841, 819, 994
t904=922, 791, 199
t905=876, 701
t906=757, 785, 1042
t907=256, 580, 275
t908=975, 1007, 873
t909=1160, 285
t910=1140, 54, 778, 948, 159, 1053, 683
t911=309, 1029, 991
t912=789, 1114, 267, 561
t913=1147, 80
t914=782
t915=899
t916=364, 901, 681
t917=658, 692
t918=1122, 420, 323
t919=740, 1160, 1236, 878, 1041, 275, 943, 868, 417, 1044, 857, 750, 7
t920=165, 579, 330, 135, 451, 1003, 540, 478, 137, 1194
t921=1209, 373
t922=971
t923=403
t924=1031, 565, 281, 1226
t925=79, 627, 1011
t926=557, 932, 1228, 626
t927=1090, 933, 977, 1022
t928=324, 73
t929=343
t930=150, 1071
t931=235, 629
t932=289, 605, 1210
t933=1108, 1073
t934=1113, 753
t935=853, 774, 794, 524
t936=1031, 212
t937=375, 278, 977, 460, 988, 1233
t938=333, 1170, 918, 766, 1115, 1023, 1119
t939=999, 713, 804
t940=813, 512, 1209
t941=636, 497, 258
t942=639, 1174, 861, 256
t943=781
t944=455, 1061
t945=598, 263, 1005, 1002, 1006
t946=697, 415, 1038, 1122
t947=986, 748
t948=714
t949=1009
t950=741, 722
t951=884, 1036
t952=1220, 496, 445
t953=726, 991, 637, 348, 548, 1212
t954=343, 1052, 305, 510
t955=513, 597, 1083, 314, 1009
t956=809
t957=1188, 1118
t958=1078, 722
t959=1146
t960=926, 1180, 1058, 395, 956, 586, 1189, 633
t961=274, 707, 251, 582, 1092
t962=756, 340, 263, 1134, 775, 907, 812
t963=995, 388
t964=541, 1085, 449, 834, 1153, 133
t965=629, 761, 300, 459
t966=468
t967=271, 317
t968=632, 1137, 248, 669
t969=728
t970=435, 673, 799
t971=1026, 375, 685, 645, 695, 909, 1193, 705, 754
t972=838, 784, 1068
t973=1069, 844, 730
t974=1155
t975=445, 598, 960, 716, 1086
t976=277, 358
t977=590, 291
t978=765, 1203
t979=241, 1225, 952, 990, 857, 112
t980=663, 1076, 692, 1030, 442, 574, 96, 934, 754
t981=536, 1129
t982=1037
t983=540, 484, 1171
t984=320, 497, 1109, 677, 529
t985=280, 871, 643, 834, 367, 869, 987, 1129, 313
t986=1198, 915, 496
t987=526
t988=256
t989=914
t990=976, 288
t991=1050, 496, 1063, 570
t992=357
t993=1056, 432
t994=1122, 247, 425, 514
t995=358, 986, 337
t996=1022, 665, 306
t997=492, 763, 537, 592, 746, 667
t998=450
t999=720, 253, 1068, 529
t1000=1149, 619
t1001=415, 404
t1002=686, 509, 1003, 1069, 893, 201
t1003=1052, 1080
t1004=256
t1005=1122, 576, 334, 424, 768, 428, 798, 353, 532, 859
t1006=821, 573, 784
t1007=1098, 1001, 1064, 1140, 578
t1008=982, 333, 823, 1180
t1009=1022, 421
t1010=672, 768, 942, 897, 203, 688, 988
t1011=1195
t1012=1014, 1160, 25, 348, 727, 1090, 923, 1143, 522, 841, 262, 943, 1218, 1119, 691, 921, 198, 1026, 413
t1013=1213, 1166, 619
t1014=442, 892, 1122, 526, 1109, 333, 1007
t1015=993, 316, 1093
t1016=1092, 519, 11, 253, 1130
t1017=526, 83, 955, 996
t1018=505, 610, 1188, 467, 879, 730, 1006
t1019=762
t1020=358, 910, 1005
t1021=625, 1078
t1022=750, 939
t1023=1005, 1111, 22, 451, 578, 1114, 460, 558, 507
t1024=959, 396
t1025=1011, 1033, 437
t1026=1118
t1027=439, 58, 940, 741
t1028=1214, 378
t1029=486, 278, 827, 1133, 666, 765
t1030=880, 274, 341
t1031=570, 361, 1187, 344, 694
t1032=1040, 842, 272
t1033=960, 272, 644
t1034=875
t1035=722, 463, 21, 827, 1050
t1036=834, 177
t1037=1086, 568
t1038=251, 427
t1039=1219, 529, 340, 1026
t1040=859, 655, 1231, 255
t1041=263, 630, 278, 504
t1042=606
t1043=388
t1044=18, 680, 415, 547
t1045=880, 799, 1137, 47, 506, 514
t1046=424, 1221, 526, 579
t1047=456, 833, 950, 829, 323, 359
t1048=875, 279
t1049=463, 1175, 881, 1208, 849
t1050=345, 570
t1051=1172, 873
t1052=464, 1072, 1225, 691, 1115, 774, 545, 1131, 455, 885
t1053=1140, 770, 395, 277, 287
t1054=518, 881
t1055=372
t1056=330, 883
t1057=776, 1233, 663, 786, 1179
t1058=415, 669, 981, 1209, 589, 866, 146
t1059=1188, 507, 884, 1176, 355
t1060=1188, 960
t1061=1124
t1062=993, 1122
t1063=791, 304
t1064=824, 271, 886, 256
t1065=415, 302, 1188, 842
t1066=993, 1006, 615, 380, 593, 300
t1067=645
t1068=578
t1069=1079, 1017, 808
t1070=765, 361, 753, 1169, 948
t1071=534, 803
t1072=999
t1073=954, 829, 587, 444, 1005, 373
t1074=809, 827
t1075=887, 397
t1076=405, 516, 831, 1023, 624, 341, 254
t1077=1148, 336, 526
t1078=256
t1079=174, 888, 577
t1080=374, 742, 401, 434, 579, 276
t1081=398
t1082=762, 855, 1064, 1042, 153, 1198, 1137, 1009, 391, 667, 567, 712, 549
t1083=388, 456
t1084=856, 1003, 262
t1085=346, 616, 403
t1086=896, 956, 269
t1087=684, 771
t1088=330, 945, 426, 452
t1089=291, 876
t1090=415, 770, 407, 1113, 835
t1091=888, 306
t1092=782
t1093=1099, 584, 961, 1055, 1211
t1094=1180, 349, 1198, 343
t1095=184, 311, 208
t1096=1169
t1097=597, 672, 985, 1079, 776
t1098=937, 724, 1171
t1099=986, 130
t1100=276, 1007, 524
t1101=705, 658
t1102=1001, 784, 1023, 433, 293, 931, 687, 1098, 1061
t1103=979, 562, 617, 636, 791, 62
t1104=1048
t1105=581
t1106=321, 887, 1071, 1195, 310
t1107=932, 1193, 487
t1108=330, 535
t1109=526, 291, 945
t1110=798, 509
t1111=930, 1145
t1112=750, 1083, 1209
t1113=646, 581, 647, 706
t1114=185, 1042, 417, 466
t1115=358, 650
t1116=261, 313
t1117=442, 1213, 499, 631, 652, 751, 345, 356, 292
t1118=451, 376
t1119=796, 1173, 620
t1120=769, 1032, 346
t1121=693, 598, 1140, 306, 638, 990, 251, 822, 417, 389, 118, 285, 776, 556, 93, 300, 1058
t1122=884
t1123=282, 725, 484, 1098, 941, 44, 403, 1129, 845, 479, 643, 960, 658, 827
t1124=1168, 527
t1125=823, 359
t1126=670
t1127=278, 372
t1128=928, 1195
t1129=713, 1113
t1130=943
t1131=450, 667, 300
t1132=958, 549
t1133=746, 670, 581, 1211
t1134=1148, 565
t1135=316, 326
t1136=1037, 1018, 253
t1137=524, 338, 986, 327, 368, 853
t1138=1104, 1024, 1062
t1139=783, 675
t1140=884, 267, 141, 929, 358
t1141=693, 1201
t1142=269, 87, 380, 931
t1143=658, 348, 480
t1144=603, 591, 712, 453
t1145=1158, 925, 1217, 1046, 248
t1146=116, 496, 905, 751
t1147=776
t1148=560, 1042, 646, 1084, 1005, 301
t1149=1010, 263
t1150=287, 402, 877
t1151=417
t1152=972, 354
t1153=39, 263, 658
t1154=993, 364, 256, 1079, 366
t1155=693
t1156=915, 795
t1157=622, 756, 658, 1230, 991, 330, 1089
t1158=622, 1201, 1206, 482
t1159=539
t1160=549, 457, 270, 419, 1207
t1161=339, 985, 451, 1234, 633, 455
t1162=715
t1163=802, 297
t1164=825, 1054
t1165=1128, 1166
t1166=390, 473
t1167=1101
t1168=1146, 887, 1028, 1207, 859, 259, 506, 1160
t1169=395, 70, 1140, 1043, 383
t1170=850, 957, 846, 929
t1171=817
t1172=1075, 745
t1173=1054, 958, 492
t1174=566, 573, 298, 553
t1175=46
t1176=743, 813, 358, 1196, 1216, 20
t1177=300, 1121, 577, 1142, 675, 900, 1200, 662
t1178=932, 330
t1179=728, 384, 213, 635, 433
t1180=492, 420, 817
t1181=419
t1182=1207
t1183=526
t1184=1011, 306, 812
t1185=514, 289
t1186=675, 445, 728, 1173
t1187=1226
t1188=356
t1189=822, 776
t1190=1166, 358
t1191=323, 304
t1192=490
t1193=1196, 660, 475, 423, 657, 901, 628, 799, 1087, 658, 594, 694, 689, 900
t1194=1063, 302, 761, 711, 190, 625
t1195=786, 1228, 128
t1196=1171, 728
t1197=477, 1226, 917, 519, 786, 1231
t1198=910, 1029
t1199=1007, 1220
t1200=347, 681, 259, 1138
t1201=540, 337, 360, 255, 1169, 655
t1202=655, 121
t1203=1024, 739
t1204=1164, 966, 1144
t1205=686
t1206=899, 844, 287, 779, 300, 597
t1207=1215, 1160, 1002, 718, 905
t1208=975, 1023
t1209=408, 257, 691
t1210=664, 1048, 572, 1088, 287, 485, 528, 476, 1163
t1211=938, 1154
t1212=1087, 517
t1213=526, 1197
t1214=910, 967, 721, 524, 597
t1215=728, 557
t1216=341, 31, 1154, 543, 577, 424, 416
t1217=1014, 406
t1218=1059
t1219=1146
t1220=333, 1176, 1118, 1129
t1221=538, 1071, 581, 977, 534, 1237
t1222=248
t1223=882
t1224=319, 612
t1225=756, 390
t1226=956
t1227=719
t1228=257, 780, 1092
t1229=448, 614
t1230=383, 248
t1231=1092, 1050
t1232=852, 591, 279, 695
t1233=662, 580
t1234=939, 627
t1235=453
t1236=724, 874, 563
t1237=990
t1238=596, 1183, 452, 674, 51, 692
t1239=524, 569, 528, 736, 304, 1156
t1240=1145, 385, 421, 1098, 959, 993
t1241=1009, 856, 1228, 1126, 504, 830, 498
t1242=1044, 840
t1243=504, 727
t1244=23, 409
t1245=1089, 261, 1082, 1225
t1246=775, 5
t1247=986, 593, 743, 969
t1248=375, 1005, 519, 405, 480
t1249=1013, 304, 700, 654
t1250=857, 963
t1251=416, 613, 303
t1252=1078
t1253=366, 549, 613, 849, 345, 540, 1225, 985, 532
t1254=1000
t1255=528, 37, 310
t1256=1168, 941
t1257=576
t1258=274, 555
t1259=464, 1085
t1260=827, 1118, 514, 961, 257
t1261=340, 618, 486, 690, 831
t1262=460, 1180, 486
t1263=969, 1013, 1108
t1264=301, 590, 473, 784, 813, 731
t1265=946, 975, 620
t1266=827, 727, 1088
t1267=681, 654, 524, 1152, 744, 268, 729
t1268=961, 1172
t1269=753, 358, 546, 1068
t1270=997, 1047, 811
t1271=773, 514, 570
t1272=367, 1121, 665, 1073
t1273=980, 842, 355
t1274=1078, 919, 571
t1275=1018
t1276=1107, 1110, 430, 1017, 251, 1111
t1277=1033, 462, 256, 1199, 1118
t1278=423, 793, 970, 1220
t1279=941, 799, 395
t1280=333, 1228
t1281=1122, 885, 672, 518
t1282=356, 706
t1283=307, 1040, 1221, 450, 655, 656, 1189
t1284=742, 858, 1186, 164
t1285=722, 529, 1139, 560
t1286=1013, 564, 984, 825, 904, 356, 980, 271, 642, 438, 721
t1287=964
t1288=639, 390, 1217, 377, 343
t1289=610, 722, 851, 932, 1118, 1109
t1290=827, 285, 549, 503, 959, 388
t1291=1144, 529, 492, 574, 658, 869, 750, 317
t1292=1125, 1157, 846, 998, 194
t1293=366, 896, 1210, 81, 852, 1042, 375
t1294=986, 1195
t1295=411, 256, 982, 698, 726, 86, 880
t1296=851, 259, 454
t1297=840, 1232, 1065, 525
t1298=1083
t1299=1120, 225
t1300=349, 525
t1301=1018, 729, 423, 1112, 648, 1007, 954
t1302=421
t1303=882, 1165, 948, 282, 960
t1304=1090, 374, 893
t1305=337, 971, 263, 830
t1306=953, 828, 1061, 308, 677, 421, 817
t1307=978, 643, 277, 767
t1308=419
t1309=1084
t1310=707
t1311=866, 626
t1312=450, 820
t1313=1225
t1314=806, 136, 325, 1085, 267
t1315=890, 837, 473, 1138
t1316=508, 1119, 695, 1185
t1317=752, 575, 1199, 251, 694, 426, 1191, 1024, 1070, 939, 1057, 484, 677, 356
t1318=803, 824, 782, 679, 410, 570
t1319=347, 1098
t1320=561, 928, 544, 802, 1182
t1321=1128, 282, 526, 373, 1233, 624
t1322=505
t1323=697, 773, 721
t1324=585, 967, 1147
t1325=523, 1230, 833, 266, 1215, 300, 244
t1326=283, 560, 287, 801, 753, 721, 420
t1327=585
t1328=585, 612
t1329=260, 358, 1219, 129, 745
t1330=240, 483, 943, 1024
t1331=698, 1235, 688, 455, 327, 333, 312, 1032
t1332=711, 410
t1333=598, 289, 395, 791
t1334=674, 103, 686, 656
t1335=1235, 859
t1336=1199, 296, 948, 732, 510, 986
t1337=972, 830
t1338=981, 849, 254
t1339=975, 456, 852
t1340=1235, 104
t1341=442, 367, 915, 496
t1342=357
t1343=1010, 345, 695, 536, 595, 1117, 709
t1344=1137, 390
t1345=926, 1072
t1346=678
t1347=949, 1138
t1348=425, 289
t1349=462
t1350=811, 948
t1351=695, 1234, 455, 484, 1158
t1352=1155, 1126, 805, 546, 346, 471, 525, 437, 755
t1353=392
t1354=487, 285, 290
t1355=941, 484
t1356=158, 321, 547, 415, 620, 559, 586, 253, 196, 1228, 737, 860, 784, 728, 1190, 995, 331
t1357=1004, 1175, 744
t1358=693, 1018, 781, 331, 479, 741, 607, 345
t1359=275
t1360=1104, 416
t1361=1217, 330, 452, 991, 804, 855, 265, 1158, 9, 597
t1362=652, 852, 264
t1363=1086, 264, 403, 362, 384, 461, 898, 1042, 354, 1030
t1364=986, 1046
t1365=524, 896, 642, 1138
t1366=497, 297
t1367=384, 1077, 943, 1012
t1368=249, 1091, 1079
t1369=843, 1233
t1370=1126, 643
t1371=1038, 623
t1372=78, 440, 256
t1373=971, 1059
t1374=1102, 459, 529, 781
t1375=584, 800, 1025
t1376=298, 52, 1182
t1377=259, 1053
t1378=1040, 729, 552, 298, 786, 77, 1201
t1379=368
t1380=1040, 264, 1186, 1005, 1227
t1381=548, 758
t1382=919, 873, 1033, 584, 846, 271
t1383=726, 524, 881, 806, 1026
t1384=269, 917, 1030, 330
t1385=1090, 598, 524, 784, 1062, 399
t1386=1038
t1387=314, 970
t1388=521, 1010, 1215, 729, 1207, 35, 1120, 306, 707, 584, 420, 524, 1148
t1389=864, 722, 65, 785, 1178, 830
t1390=292, 570, 686, 1210, 1069, 931, 314, 651
t1391=293
t1392=718, 446
t1393=437, 273
t1394=1008, 430
t1395=1116, 347
t1396=591, 642, 514, 818, 1122, 526
t1397=651, 713
t1398=683, 583, 260, 1110, 502
t1399=623, 251, 161, 1205
t1400=996, 414, 353, 1175, 278, 1081
t1401=95, 114, 496
t1402=1104, 388
t1403=1095, 982, 289, 896, 277
t1404=572
t1405=1046, 753, 948, 605, 1162
t1406=681, 665, 872, 446
t1407=293, 404
t1408=997, 403, 1215, 916, 581, 866
t1409=1173, 1065
t1410=55, 63, 1217, 702, 660
t1411=622, 722, 697, 907
t1412=486
t1413=755, 412, 657
t1414=1161, 990, 934
t1415=69, 727, 1066, 760
t1416=330, 406, 655, 764, 755, 612
t1417=540, 1009, 899, 743, 148
t1418=931, 367, 304, 804
t1419=280, 526, 648, 932
t1420=549, 977, 941, 1019, 442
t1421=543, 263, 822
t1422=513, 1090
t1423=832
t1424=658, 986
t1425=124, 1073
t1426=333, 252, 973, 745, 117, 1134
t1427=704
t1428=587, 528
t1429=977, 1224, 586, 1107, 937, 1194, 777
t1430=634
t1431=841
t1432=410, 1042, 1138, 996, 469, 941, 1076
t1433=1063, 358, 433, 602
t1434=388, 419, 627
t1435=853, 508, 1110
t1436=349, 1182, 1102, 985, 1210
t1437=678, 592, 591
t1438=1150, 600
t1439=1112, 736, 724, 362, 927
t1440=1095, 107, 270
t1441=381
t1442=295, 768
t1443=487, 825, 834, 1032, 742
t1444=284
t1445=288
t1446=884, 713, 442, 524, 654, 464, 1077, 1209
t1447=371, 931, 653, 53, 1141
t1448=1188, 1191, 1209
t1449=1018, 938, 643, 131
t1450=302, 405, 513
t1451=985, 14
t1452=915, 1026
t1453=1021
t1454=690, 998, 941, 594, 362, 409, 845, 1173, 649
t1455=798, 973
t1456=227, 928, 1038, 265, 936, 937, 827
t1457=1042, 1052
t1458=1098, 704
t1459=61, 1204, 1154
t1460=145, 940, 379
t1461=352, 1141, 762, 794
t1462=908, 408, 291, 1188
t1463=1173, 850, 976, 423, 545, 1092, 305, 835
t1464=531, 888, 916, 776, 832, 1091, 383
t1465=381, 607, 524, 866, 453, 284, 1077, 1097, 1029
t1466=846, 524, 256
t1467=918, 1166, 1007, 552
